0.0001	1.5465332470391364e9
0.00010135965009385569	1.5459040437380733e9
0.00010273778667148859	1.545258195739096e9
0.00010413466108439276	1.5445953796542058e9
0.000105550528101563	1.5439151548373432e9
0.00010698564595596108	1.5432170179984033e9
0.00010844027639161341	1.5425006138798041e9
0.00010991468471134935	1.541765425759741e9
0.00011140913982518839	1.5410109694869807e9
0.00011292391429938538	1.5402368510856276e9
0.00011445928440614249	1.5394424704548442e9
0.00011601553017399716	1.5386274071884425e9
0.00011759293543889508	1.537791136795149e9
0.00011919178789595767	1.5369330869977217e9
0.00012081237915195332	1.5360527987403536e9
0.00012245500477848215	1.5351496787864206e9
0.00012411996436588376	1.5342231599704618e9
0.00012580756157787814	1.5332727419628296e9
0.00012751810420694932	1.5322977548058536e9
0.00012925190423048212	1.531297673750802e9
0.0001310092778676621	1.5302718812857356e9
0.00013279054563714946	1.5292197232233353e9
0.0001345960324155364	1.5281406307819364e9
0.0001364260674966003	1.527033923337944e9
0.00013828098465136146	1.5258989404240282e9
0.00014016112218895825	1.5247350700799134e9
0.0001420668230183496	1.5235415603773594e9
0.0001439984347108564	1.5223177762757504e9
0.00014595630956355327	1.5210629999641416e9
0.00014794080466352241	1.5197764856304862e9
0.00014995228195298086	1.518457550870164e9
0.0001519911082952933	1.5171054197997394e9
0.00015405765554188258	1.515719331991345e9
0.00015615230060004966	1.5142985614423397e9
0.00015827542550171604	1.5128422664660034e9
0.00016042741747310062	1.5113496995576754e9
0.00016260866900534387	1.509820039735156e9
0.0001648195779260925	1.508252445020267e9
0.00016706054747205718	1.5066461199790778e9
0.00016933198636255684	1.5050001915023e9
0.00017163430887406304	1.5033137985488002e9
0.00017396793491575782	1.501586104289924e9
0.0001763332901061187	1.4998161768656127e9
0.00017873080585054536	1.498003160928456e9
0.00018116091942004133	1.4961461367955298e9
0.00018362407403096575	1.4942441702560375e9
0.00018612071892586943	1.4922963614769113e9
0.00018865130945542986	1.4903017472297626e9
0.0001912163071615006	1.4882593748403368e9
0.00019381617986128936	1.4861683093823092e9
0.00019645140173268086	1.4840275392946563e9
0.00019912245340072008	1.4818361167294054e9
0.0002018298220252707	1.4795930392360458e9
0.00020457400138986607	1.477297296638259e9
0.0002073554919917677	1.4749479055843625e9
0.00021017480113324873	1.4725438331604276e9
0.00021303244301411792	1.4700840578349829e9
0.00021592893882550244	1.4675675732482965e9
0.000218864816844905	1.4649933137761824e9
0.0002218406125325538	1.4623602695797846e9
0.00022485686862906272	1.459667387209372e9
0.00022791413525441874	1.456913613489304e9
0.0002310129700083158	1.4540979191047952e9
0.00023415393807185266	1.4512192394683874e9
0.00023733761231061343	1.4482765250365717e9
0.0002405645733791495	1.4452687427721434e9
0.00024383540982688266	1.4421948177816849e9
0.0002471507182054473	1.4390537277861228e9
0.0002505111031774927	1.4358444196310792e9
0.00025391717762696434	1.432565850206948e9
0.0002573695627708851	1.4292170016701436e9
0.00026086888827265534	1.4257968362249427e9
0.0002644157923568948	1.4223043376743708e9
0.0002680109219258446	1.4187385113395338e9
0.00027165493267735286	1.4150983385675561e9
0.0002753484892244641	1.4113828543887768e9
0.0002790922652166347	1.407591077330048e9
0.00028288694346259666	1.4037220473583994e9
0.0002867332160548913	1.399774834674792e9
0.0002906317844960971	1.3957485055729449e9
0.00029458335982677277	1.3916421566314833e9
0.0002985886627551407	1.3874549135103846e9
0.00030264842378853343	1.3831858955909748e9
0.00030676338336662695	1.3788342796979513e9
0.0003109342919964862	1.374399240844301e9
0.00031516191038944655	1.3698799870411048e9
0.00031944700959985405	1.3652757629456081e9
0.00032379037116569764	1.3605858242557123e9
0.0003281927872511478	1.355809465440389e9
0.00033265506079103557	1.3509460174278593e9
0.00033717800563729655	1.3459948198782275e9
0.00034176244670740486	1.3409552729985468e9
0.00034640922013482557	1.3358267869135795e9
0.0003511191734215135	1.3306088129256604e9
0.0003558931655924844	1.3253008426471334e9
0.00036073206735248855	1.3199023885037122e9
0.0003656367612448142	1.3144130053645453e9
0.00037060814181225023	1.308832286702008e9
0.00037564711576023734	1.303159842084601e9
0.00038075460212223756	1.2973953383328483e9
0.0003859315324273524	1.291538455192857e9
0.00039117885087021966	1.2855889123530824e9
0.0003964975144832202	1.279546464130744e9
0.0004018884933110268	1.2734108837348678e9
0.00040735277058752536	1.267181978732086e9
0.00041289134291514233	1.2608595849579816e9
0.00041850522044661014	1.254443546967237e9
0.00042419542706920334	1.24793374926728e9
0.0004299630005914814	1.2413300761351511e9
0.00043580899293256813	1.234632433687949e9
0.0004417344703140073	1.2278407400239556e9
0.00044774051345422463	1.2209549113031867e9
0.00045382821776563493	1.2139748710507216e9
0.000459998693554429	1.2069005413511884e9
0.0004662530662230768	1.1997318246855044e9
0.00047259247647558385	1.1924686262261145e9
0.00047901808052553904	1.1851108165334556e9
0.00048553105030699017	1.1776582488236768e9
0.0004921325736881877	1.1701107453011687e9
0.0004988238546882336	1.162468084526158e9
0.0005056061136966767	1.1547300058094802e9
0.0005124805876960937	1.146896198754016e9
0.0005194485304876958	1.1389662869164999e9
0.0005265112129200037	1.1309398439260633e9
0.0005336699231206312	1.1228163602339554e9
0.0005409259667312205	1.1145952582373247e9
0.0005482806671455713	1.1062758781788375e9
0.0005557353657510086	1.097857469489554e9
0.0005632914221730315	1.0893391947247155e9
0.0005709502145232881	1.0807201220402079e9
0.0005787131396509233	1.0719992151034225e9
0.0005865816133973423	1.0631753496542445e9
0.0005945570708544394	1.0542472899131576e9
0.0006026409666263374	1.0452137087093662e9
0.0006108347750946853	1.0360731808881506e9
0.0006191399906875633	1.0268241862744256e9
0.0006275581281520449	1.0174651224120592e9
0.0006360907228304632	1.0079943094679457e9
0.0006447393309404349	9.984099958484894e8
0.000653505529858691	9.88710386437537e8
0.0006623909184087668	9.788936389614491e8
0.0006713971171526032	9.689579005262018e8
0.000680525768686113	9.589013202253e8
0.0006897785379387658	9.487220747650262e8
0.0006991571124772466	9.3841840176792e8
0.0007086632028132422	9.279886282817832e8
0.0007182985427154132	9.174312023343127e8
0.0007280648895256074	9.067447433922695e8
0.0007379640244793725	8.959280671104519e8
0.0007479977530308276	8.84980246083504e8
0.0007581679051819496	8.739006478659897e8
0.0007684763358163397	8.626889869435469e8
0.0007789249250375254	8.513453806015064e8
0.0007895155785118634	8.398704000522802e8
0.0008002502278161051	8.282651234603287e8
0.0008111308307896872	8.165312014606448e8
0.0008221593718918117	8.046708982570477e8
0.000833337862563382	7.926871607870989e8
0.0008446683415938601	7.805836616076971e8
0.0008561528754931103	7.683648511584123e8
0.0008677935588683004	7.560360052894194e8
0.0008795925148059268	7.436032622639174e8
0.0008915518952590332	7.31073654464839e8
0.0009036738814396948	7.184551410369543e8
0.000915960684216839	7.057566108667133e8
0.0009284145445194745	6.929879006304104e8
0.0009410377337454033	6.801597777722547e8
0.0009538325541754903	6.67283923311369e8
0.0009668013393935633	6.543728978045653e8
0.000979946454712026	6.41440087888618e8
0.0009932702976032535	6.284996384123948e8
0.0010067752981368567	6.155663742454895e8
0.0010204639194228906	6.026556880109643e8
0.001034338658061087	5.897834337484177e8
0.0010484020445962004	5.769657822869068e8
0.0010626566439795376	5.642190747240975e8
0.001077105056036769	5.51559657980289e8
0.0010917499159420975	5.390037053448415e8
0.0011065938946988735	5.265670296650067e8
0.001121639699626748	5.1426489459931916e8
0.0011368900748554458	5.021118088597211e8
0.0011523478018252537	4.901213422369753e8
0.0011680156997943148	4.7830592696131223e8
0.0011838966263528175	4.666766840598498e8
0.0011999934779441778	4.5524326102941054e8
0.001216309190393308	4.440136893575765e8
0.0012328467394420659	4.3299427179337806e8
0.0012496091412919868	4.2218950512970597e8
0.0012665994531543925	4.116020286112783e8
0.0012838207738079819	4.012326322553019e8
0.0013012762441640007	3.9108029049218696e8
0.0013189690478390985	3.81142257006755e8
0.0013369024117359702	3.714142012481456e8
0.0013550796066318972	3.618903904731571e8
0.0013735039477752872	3.5256391822481495e8
0.0013921787954903255	3.4342697339794624e8
0.0014111075557898486	3.344711315137395e8
0.00143029368099655	3.2568768531763816e8
0.0014497406703726315	3.170679685883542e8
0.0014694520707580173	3.08603693248361e8
0.0014894314772172428	3.0028726433319414e8
0.001509682533695143	2.921120640576904e8
0.0015302089336814522	2.840726926406436e8
0.00155101442088444	2.761651487978875e8
0.0015721027899137107	2.683869277585505e8
0.0015934778869722804	2.6073704840537447e8
0.0016151436105580686	2.5321596909786978e8
0.0016371039121749254	2.4582542073652235e8
0.001659362797053327	2.385681366378313e8
0.001681924324880869	2.314474944765403e8
0.0017047926105426933	2.2446708659530854e8
0.001727971824871982	2.176302358984982e8
0.0017514661954106535	2.109394776494774e8
0.001775280007180405	2.0439605897581592e8
0.0017994176034642347	1.979994616902531e8
0.001823883386598592	1.9174701807685477e8
0.001848681818776298	1.856336348861212e8
0.0018738174228603833	1.7965166956978136e8
0.0018992947832089885	1.7379098949104795e8
0.0019251185465114858	1.6803922977988437e8
0.0019512934226359625	1.6238225286521497e8
0.001977824185488232	1.5680481913828564e8
0.0020047156738825234	1.512914154689216e8
0.0020319727924240066	1.4582723003498483e8
0.0020596005124033216	1.403991905705197e8
0.0020876038727032655	1.3499700220835558e8
0.0021159879807178105	1.296141016729534e8
0.002144758013283615	1.2424843426724347e8
0.0021739192176242032	1.189029653234509e8
0.0022034769123069776	1.13585866772665e8
0.002233436488213248	1.083102981752142e8
0.0022638034095214463	1.0309378820009218e8
0.0022945832147037134	9.795720425739725e7
0.002325781517536029	9.292337462097915e7
0.002357404008122086	8.80154585873027e7
0.0023894564539310753	8.325519267128359e7
0.0024219447008495903	7.866117471567976e7
0.002454874674247825	7.424737699535367e7
0.0024882523800602743	7.002203782878506e7
0.00252208390588113	6.598711256230756e7
0.0025563754220745624	6.2138362770762436e7
0.002591133182900103	5.846613335658722e7
0.00262636352765333	5.4956773084120594e7
0.00266207288182206	5.15945604689647e7
0.0026982677582582603	4.836392061681698e7
0.002734954758365897	4.525166420713986e7
0.0027721405733049293	4.224891032848192e7
0.0028098319852116814	3.935241749594925e7
0.002848035868435799	3.656504700946369e7
0.00288675919079403	3.3895226973085366e7
0.0029260090148410488	3.1355414668047592e7
0.0029657924991575613	2.895971546152824e7
0.003006116899655922	2.6720988517962195e7
0.003046989570903505	2.4647908089403212e7
0.0030884179674640676	2.2742484838728104e7
0.003130409645257355	2.099858728967242e7
0.003172972262937164	1.9401827389334206e7
0.0032161135832882042	1.7931003446693785e7
0.0032598414746418877	1.6560994142738892e7
0.003304163912311403	1.5266684624410285e7
0.0033490889800462903	1.4027245892250588e7
0.003394624871506801	1.2829925222139856e7
0.003440779891758291	1.167246643620507e7
0.0034875624587859507	1.0563516087353159e7
0.003534981105030109	9.520679511394247e6
0.0035830444789424322	8.566435642880715e6
0.003631761346563264	7.722632729363326e6
0.0036811405931204254	7.004718941373783e6
0.003731191224649747	6.417086709707443e6
0.003781922369637633	5.950799630764349e6
0.00383334328068596	5.584478408686829e6
0.0038854633361996176	5.288424491163687e6
0.003938292042096984	5.031117650716718e6
0.003991839033543667	4.786501339345356e6
0.004046114076709811	4.540033668450998e6
0.004101127070551305	4.291612690109957e6
0.004156888048615196	4.05424325483111e6
0.004213407180869668	3.848529177120493e6
0.004270694775558886	3.6944220383960884e6
0.004328761281083062	3.602801641150023e6
0.004387617287904096	3.5697634145724713e6
0.004447273530477113	3.5759271838811943e6
0.004507740889208263	3.5915056902190675e6
0.004569030392439155	3.585798132802677e6
0.004631153218458249	3.537918312754576e6
0.004694120697539618	3.444663861597231e6
0.004757944314009414	3.3220357257822e6
0.004822635708340444	3.1991439921528343e6
0.004888206679275213	3.1062243716776706e6
0.004954669185977838	3.0613204707231247e6
0.005022035350215225	3.0613300806705374e6
0.005090317458567892	3.081850720037141e6
0.005159527964670863	3.086747924490758e6
0.00522967949148502	3.043851530455551e6
0.005300784833599349	2.9397508232899215e6
0.00537285695956447	2.7863411440384956e6
0.00544590901425792	2.615083889764616e6
0.005519954321281573	2.4610212699433183e6
0.0055950063853916696	2.3443305995094744e6
0.0056710788949618784	2.259441220098112e6
0.0057481857244798575	2.1785522637871997e6
0.005826340937077747	2.0686570106862353e6
0.005905558787097077	1.912865319062754e6
0.0059858537226885455	1.7231056470998272e6
0.006067240388447145	1.535163496313497e6
0.006149733628083117	1.3875632947289583e6
0.006233348487129224	1.2967988333341184e6
0.006318100215684829	1.2454825184026498e6
0.006404004271197283	1.1929946090044135e6
0.006491076321281139	1.1032087111374715e6
0.006579332246575682	970669.9702883785
0.006668788143641326	825646.8809606269
0.006759460327895383	712403.6978081317
0.00685136533658775	655606.698984656
0.006944519931817061	640938.8862683228
0.007038941103587838	626974.5321576586
0.007134646072909218	580526.804315432
0.007231652294935799	506215.5806640909
0.00732997746215121	443030.01156859443
0.0074296395075949505	428288.85041652207
0.007530656608133104	460357.2229368612
0.007633047187773535	496467.57137870096
0.0077368299210261475	491244.300791401
0.007842023736308833	440739.8600491969
0.007948647819399742	387022.56795163633
0.008056721616936468	375131.0698367419
0.008166264839962837	405010.5024523768
0.008277297467523896	431125.4136724811
0.008389839750309798	413371.678770026
0.008503912214349228	363491.6719546718
0.008619535664753031	331012.48601386684
0.00873673118950877	341643.8239823726
0.008855520163326847	362635.2029971134
0.008975924251538928	342492.60971718316
0.009097965414049395	278880.35178750136
0.009221665909340473	225228.15757308883
0.00934704829853188	221463.09071430695
0.009474135449495606	240018.7661021194
0.009602950541026688	225323.1709254051
0.009733517067070672	174872.9399297374
0.009865858841008558	142773.55920149997
0.01	155681.0086090763
0.010135965009385569	169106.62516036842
0.01027377866714886	138410.16874919704
0.010413466108439273	94584.30134495399
0.010555052810156298	95870.95182876807
0.010698564595596108	128949.90373968496
0.010844027639161341	130079.68219962456
0.010991468471134934	96314.22326186454
0.01114091398251884	88670.70435435367
0.011292391429938537	116161.64986189984
0.01144592844061425	117777.93609321582
0.011601553017399716	83297.18598235374
0.011759293543889507	76998.25027878
0.011919178789595768	107778.90124858034
0.012081237915195333	107952.63677691462
0.012245500477848215	73675.48525258516
0.012411996436588378	71942.15991612228
0.012580756157787814	93099.14370750474
0.012751810420694934	75158.61384445839
0.01292519042304821	49892.66606538063
0.013100927786766213	69874.68160795365
0.013279054563714945	80307.48705034677
0.013459603241553642	49178.22228320834
0.01364260674966003	45979.700915897105
0.013828098465136145	67299.52611532876
0.014016112218895826	48896.18326184578
0.014206682301834963	36612.11382972954
0.01439984347108564	61198.51052283873
0.014595630956355327	50832.3022562575
0.014794080466352243	28652.815674648104
0.014995228195298086	48890.830388127266
0.01519911082952933	45207.733117443975
0.015405765554188258	25783.455648961404
0.015615230060004965	46130.5609885669
0.015827542550171603	38127.91893710596
0.01604274174731006	19145.14233709628
0.01626086690053439	41329.827376775334
0.016481957792609254	28857.41192253726
0.01670605474720572	21327.550425402784
0.016933198636255684	39125.01100891777
0.017163430887406305	15528.505384638593
0.01739679349157578	24931.80045378281
0.01763332901061187	29923.82465779029
0.017873080585054556	12658.127381196002
0.018116091942004153	29960.462290135285
0.018362407403096595	13643.597269458753
0.01861207189258696	19508.271967703226
0.018865130945543006	23287.264046273132
0.01912163071615008	12196.345734762916
0.019381617986128953	22951.524100110517
0.019645140173268107	11545.139512913063
0.019912245340072025	19302.196211224284
0.02018298220252709	15042.389840188811
0.02045740013898663	12839.873539249536
0.020735549199176792	14877.188286708415
0.021017480113324893	10767.40873030608
0.021303244301411815	14062.08893463306
0.021592893882550267	8964.770069771212
0.021886481684490523	10995.680027415727
0.022184061253255404	9574.02873687679
0.022485686862906296	9514.98664755048
0.022791413525441895	8235.625086026479
0.023101297000831602	7956.234457985109
0.023415393807185294	8453.104754557868
0.023733761231061367	7127.991901536769
0.024056457337914977	7086.067799643096
0.02438354098268829	7082.135291527548
0.024715071820544752	7099.113473926049
0.02505111031774929	6117.366839544333
0.025391717762696456	6422.521144066191
0.025736956277088534	6227.013541961221
0.026086888827265564	5521.120444293192
0.02644157923568951	5343.246407258516
0.02680109219258449	5491.074313144555
0.027165493267735312	4825.915617669435
0.027534848922446432	4692.473148191165
0.0279092265216635	4823.827383461816
0.028288694346259694	4238.396820242007
0.028673321605489164	4071.6055834435265
0.029063178449609737	4139.233587062875
0.029458335982677303	3575.446636428531
0.0298588662755141	3559.049146395307
0.030264842378853372	3512.968794559588
0.030676338336662726	3025.760767442089
0.03109342919964865	3154.4412156538883
0.031516191038944624	2902.8385814643975
0.031944700959985375	2677.048999366205
0.03237903711656973	2817.9597283257795
0.03281927872511474	2467.5074216292255
0.03326550607910352	2511.0665672302052
0.033717800563729625	2350.8527188890494
0.03417624467074045	2138.907877835514
0.03464092201348252	2163.117833931861
0.03511191734215131	1914.931317313995
0.0355893165592484	1944.0801103043777
0.036073206735248824	1790.163947403779
0.03656367612448139	1720.036719988858
0.03706081418122499	1659.8886710451438
0.037564711576023695	1531.2622270282832
0.038075460212223716	1493.680846317122
0.038593153242735205	1348.2505666383424
0.03911788508702192	1275.9713667417222
0.03964975144832198	1158.1920328324545
0.04018884933110264	1084.0277582340734
0.04073527705875249	1008.5729859738491
0.04128913429151419	936.8671721871965
0.04185052204466097	872.4396562792672
0.0424195427069203	805.2708265200054
0.04299630005914809	756.5750734250745
0.043580899293256765	702.1041762067464
0.044173447031400685	659.143432826356
0.04477405134542242	615.7715197506772
0.04538282177656345	589.0722941231401
0.045999869355442854	564.9452617459609
0.04662530662230763	542.0761677975851
0.04725924764755833	515.6168023217153
0.04790180805255385	492.85039404895963
0.04855310503069898	475.5125796451835
0.04921325736881872	461.51319941028316
0.04988238546882331	448.2291927409092
0.05056061136966762	435.29340540278
0.05124805876960931	419.93090618588184
0.05194485304876952	401.0660537534996
0.052651121292000315	381.95706050790585
0.05336699231206307	366.8592761197676
0.054092596673121995	352.64464660686315
0.054828066714557075	335.3589351583055
0.055573536575100814	316.02274042595667
0.056329142217303146	296.44728353738833
0.057095021452328816	277.2995197099244
0.05787131396509233	261.024774349838
0.058658161339734234	248.0117729642106
0.05945570708544394	234.77454734870918
0.06026409666263375	219.80294875008076
0.06108347750946853	205.75124214216692
0.06191399906875633	194.615202128101
0.06275581281520448	185.54617843309342
0.06360907228304631	177.99144781495113
0.06447393309404349	170.4716332297409
0.0653505529858691	161.67698101385795
0.06623909184087667	154.2358835473096
0.06713971171526031	149.04353551593638
0.0680525768686113	143.4837346354992
0.06897785379387658	136.97863484949733
0.06991571124772467	130.58075371510142
0.07086632028132422	124.6831381200949
0.07182985427154133	119.50176437051883
0.07280648895256073	114.22836787250607
0.07379640244793725	108.08568534522115
0.07479977530308275	102.18593256382304
0.07581679051819497	96.97972419622266
0.07684763358163398	91.71778549308313
0.07789249250375253	86.30280427913355
0.07895155785118634	81.28281854036365
0.08002502278161053	77.2753506708065
0.08111308307896872	73.60724925113368
0.08221593718918116	69.68892048612946
0.0833337862563382	65.74574018142161
0.084466834159386	61.91458943179372
0.08561528754931101	58.334250586631875
0.08677935588683004	54.85732535760966
0.08795925148059269	51.789045772767395
0.08915518952590333	49.152016989050374
0.09036738814396948	46.48097527110822
0.0915960684216839	43.72116729670511
0.09284145445194746	41.16581953519622
0.09410377337454034	39.26109055839448
0.09538325541754901	37.94113565579378
0.09668013393935633	36.68033132432038
0.09799464547120258	35.070330321572
0.09932702976032536	33.510676086369806
0.10067752981368568	32.32038697969262
0.10204639194228905	31.17597387506462
0.10343386580610872	29.64993990101797
0.10484020445962006	27.787658569240758
0.10626566439795376	26.127109013785812
0.10771050560367693	24.829411446088677
0.10917499159420974	23.594076237838177
0.11065938946988733	22.281902561213855
0.1121639699626748	21.004732461316195
0.11368900748554459	19.75695014432205
0.11523478018252538	18.61450073665113
0.11680156997943149	17.719214230571005
0.11838966263528175	17.09002455175164
0.11999934779441777	16.68875272890917
0.12163091903933079	16.126435763831818
0.1232846739442066	15.238331588454542
0.12496091412919869	14.535648294565993
0.12665994531543925	13.836684437100676
0.12838207738079818	12.685234344642465
0.13012762441640008	11.80055558232338
0.13189690478390984	11.269989386646373
0.133690241173597	10.64529702761933
0.13550796066318974	10.137736533458993
0.13735039477752872	9.571986037998839
0.13921787954903253	9.126970661762536
0.14111075557898486	8.738826197334951
0.143029368099655	7.986419091977763
0.14497406703726315	7.273768012074196
0.14694520707580172	6.802953678422186
0.1489431477217243	6.53716744781997
0.15096825336951433	6.338337961345193
0.1530208933681452	6.242283936226871
0.155101442088444	6.088463370529316
0.15721027899137108	5.535745550424506
0.15934778869722804	5.073837506229182
0.16151436105580685	5.002996821920754
0.16371039121749256	4.941253303218052
0.1659362797053327	4.64758743320848
0.16819243248808688	4.557370215227292
0.1704792610542693	4.830450163428716
0.1727971824871982	4.769058643112442
0.17514661954106536	4.269077124971349
0.1775280007180407	3.9550424442667897
0.17994176034642367	3.785382514192395
0.18238833865985937	3.5021398060232998
0.18486818187763	3.219311907094051
0.18738174228603852	2.822213425291925
0.18992947832089904	2.480767622776389
0.19251185465114876	2.2931733063768096
0.1951293422635964	2.101478326180206
0.1977824185488234	2.153069336221405
0.20047156738825253	2.3451867979090624
0.20319727924240086	2.277415703584828
0.20596005124033237	2.048910106490124
0.20876038727032678	1.8988106683810644
0.21159879807178125	1.700978571737516
0.21447580132836175	1.4655728505855745
0.2173919217624206	1.4475524538273103
0.22034769123069797	1.5210849302443783
0.223343648821325	1.5278283553580543
0.22638034095214488	1.5261271980005786
0.2294583214703715	1.579446913947855
0.23257815175360316	1.6308001985849314
0.23574040081220882	1.5779512812367413
0.2389456453931078	1.42446213073842
0.24219447008495928	1.1431451793307694
0.2454874674247827	0.9253320983744427
0.24882523800602768	0.8394276623367389
0.2522083905881133	0.7606254190129765
0.2556375422074565	0.7497146126709896
0.25911331829001055	0.7428331026623936
0.26263635276533326	0.618499821710618
0.26620728818220624	0.53692196554831
0.2698267758258263	0.660012478880971
0.27349547583658995	0.8187239709713394
0.2772140573304932	0.8880034820344191
0.28098319852116843	0.8419993025412911
0.2848035868435802	0.7211868301232801
0.2886759190794033	0.670029906347088
0.29260090148410517	0.5855252238668206
0.2965792499157564	0.39177792641935943
0.30061168996559245	0.3284271711999929
0.30469895709035083	0.38556399066202324
0.3088417967464071	0.36066017034694264
0.31304096452573515	0.345058096235825
0.3172972262937161	0.41925587246741053
0.3216113583288201	0.4066249134734958
0.32598414746418847	0.30415510025259246
0.33041639123113997	0.33644865666412516
0.3349088980046287	0.41604568659537533
0.3394624871506797	0.41464714284644105
0.34407798917582877	0.3862463482302388
0.3487562458785947	0.302457581373343
0.35349811050301055	0.18257265502194797
0.3583044478942429	0.13884533788715547
0.363176134656326	0.1542426772464968
0.3681140593120422	0.1477765887959784
0.3731191224649744	0.1760180883901317
0.3781922369637629	0.2517359690117413
0.38333432806859563	0.29257979023712233
0.3885463336199614	0.2521306858774645
0.393829204209698	0.18352834434757273
0.3991839033543663	0.15292993467708482
0.4046114076709807	0.15675492511824396
0.41011270705513003	0.1486999309893148
0.4156888048615192	0.10151248623034281
0.4213407180869664	0.05335498973644368
0.4270694775558881	0.08188616378830116
0.4328761281083057	0.15681256405667487
0.43876172879040914	0.1655625842268173
0.4447273530477108	0.14884996365322706
0.4507740889208259	0.12367109436004194
0.456903039243915	0.08429828767557748
0.46311532184582443	0.08090497099008218
0.4694120697539612	0.06391166542807884
0.47579443140094085	0.03112168025598379
0.48226357083404386	0.08317962951732288
0.4888206679275208	0.15087312956404836
0.49546691859778336	0.09622486207164384
0.5022035350215219	0.026584568740661247
0.5090317458567887	0.032630460589069495
0.5159527964670857	0.05913703962745056
0.5229679491485015	0.08391776025922526
0.5300784833599342	0.08164095632603025
0.5372856959564464	0.04437764470996827
0.5445909014257914	0.01646217821964066
0.5519954321281567	0.05680747599586655
0.5595006385391669	0.08189761305067282
0.5671078894961878	0.01845322504759235
0.5748185724479858	0.020974301070503725
0.5826340937077747	0.056457258538165356
0.5905558787097077	0.036858805409961115
0.5985853722688546	0.04596679049492731
0.6067240388447145	0.03932718976109839
0.6149733628083116	0.01645851372634572
0.6233348487129223	0.02343397838932653
0.6318100215684828	0.028505615535371547
0.6404004271197282	0.04195434649220319
0.6491076321281138	0.03815548500746443
0.6579332246575682	0.014081780703145636
0.6668788143641325	0.008385733058126722
0.6759460327895382	0.016096326908899953
0.685136533658775	0.04046187971477907
0.694451993181706	0.042154954334021374
0.7038941103587839	0.006068257434006529
0.7134646072909216	-0.009612776447396288
0.7231652294935799	0.024279748642220118
0.7329977462151209	0.04057213079068449
0.742963950759495	0.013079313744543481
0.7530656608133104	0.005827859193821673
0.7633047187773535	0.012774664282498753
0.7736829921026146	0.018427596397395992
0.7842023736308833	0.01418849268121327
0.7948647819399742	0.011923478901949088
0.8056721616936469	0.011393093296144451
0.8166264839962838	0.00716283223000572
0.8277297467523895	0.02282343830132528
0.8389839750309798	0.009138035365895242
0.8503912214349229	-0.0042912039582956255
0.8619535664753032	0.019594737985252852
0.8736731189508772	0.010245337901286821
0.8855520163326847	0.00789350157593082
0.8975924251538929	0.014768627461373838
0.9097965414049393	-0.005645863985517028
0.9221665909340475	0.010971015465096044
0.9347048298531879	0.018206501144618036
0.9474135449495604	0.001014212203982573
0.9602950541026688	0.0046839618039685015
0.9733517067070673	0.00542075636246086
0.9865858841008558	0.01050240632328168
1.0	0.006927839186396724
1.0135965009385568	0.0013713944895315869
1.0273778667148858	0.007350300729418835
1.0413466108439275	0.006947397424153653
1.0555052810156298	0.0039018943369053855
1.0698564595596107	0.002477894761451288
1.084402763916134	0.009651157027939243
1.0991468471134935	0.004024986460423519
1.1140913982518839	-0.0020547244075637414
1.1292391429938538	0.009967669181575243
1.1445928440614248	0.00707036942876727
1.1601553017399715	-0.002987388564003443
1.1759293543889509	0.004440879890841575
1.1919178789595768	0.009849433566567516
1.2081237915195333	-0.00016310374443124947
1.2245500477848215	0.0005755576366696543
1.2411996436588377	0.0072042107886883325
1.2580756157787816	0.003790945230900305
1.2751810420694933	0.0004429386859639283
1.292519042304821	0.0035041142365981356
1.3100927786766212	0.00471128197644536
1.3279054563714945	0.001485228331777138
1.345960324155365	0.0033345533890502834
1.3642606749660036	0.002016367208740366
1.3828098465136152	0.0030512423627094554
1.401611221889583	0.003985136030754034
1.4206682301834967	-0.0005237271264289955
1.4399843471085647	0.0046135130982966595
1.4595630956355334	0.0032293744424898643
1.479408046635225	-0.0009757886182031769
1.4995228195298094	0.005362434379282815
1.519911082952934	0.0015741017177268507
1.5405765554188264	0.000308650655986719
1.5615230060004972	0.004922961059475215
1.5827542550171614	2.669953662299638e-5
1.604274174731007	0.002627621064672991
1.6260866900534396	0.0027288080139990572
1.648195779260926	0.0005011653822566578
1.6706054747205727	0.0035206618602858686
1.693319863625569	0.000685725173288448
1.7163430887406315	0.0023854536352212016
1.7396793491575788	0.0020409363151454793
1.7633329010611878	0.0010922089717611797
1.7873080585054544	0.0026413441938995448
1.8116091942004142	0.0010538693219771312
1.8362407403096586	0.002089222058715221
1.861207189258695	0.0016750441818988336
1.8865130945542996	0.0014911906758335266
1.912163071615007	0.0019152694967760704
1.9381617986128943	0.0014303959166519044
1.9645140173268099	0.001741078584710456
1.9912245340072017	0.001553600883203395
2.018298220252708	0.001593760616468944
2.0457400138986617	0.0015791058377815977
2.073554919917678	0.0015296422323259036
2.101748011332488	0.001566348903855276
2.1303244301411803	0.0015038076802082684
2.1592893882550257	0.0015155301545069636
2.188648168449051	0.0015048508276418369
2.218406125325539	0.0014792576553920595
2.2485686862906284	0.0014747320858800317
2.2791413525441886	0.0014708387645207262
2.3101297000831593	0.0014445242835535842
2.341539380718528	0.0014516187684736489
2.3733761231061363	0.001430059754752904
2.4056457337914976	0.0014279717894992018
2.438354098268829	0.0014168163418973993
2.4715071820544754	0.001410158946821714
2.5051110317749288	0.0014013260519689596
2.539171776269646	0.0013956556147073206
2.573695627708853	0.0013880659960253787
2.6086888827265566	0.0013808478291699594
2.644157923568951	0.0013773132470874761
2.680109219258449	0.001367487841924599
2.716549326773531	0.0013667429033028316
2.7534848922446433	0.0013567104391815112
2.7909226521663504	0.0013558147175436034
2.8288694346259695	0.0013482337793667288
2.8673321605489166	0.0013452755936299592
2.906317844960974	0.001340544660652935
2.9458335982677304	0.0013363250504785946
2.98588662755141	0.0013329540523386104
3.026484237885337	0.0013287641067866232
3.0676338336662727	0.0013257915719929382
3.109342919964865	0.0013221057185467202
3.1516191038944625	0.0013193063872136727
3.194470095998537	0.0013160745645234384
3.2379037116569735	0.0013134479550676564
3.2819278725114738	0.0013106959907278454
3.3265506079103524	0.0013081219109975363
3.371780056372962	0.001305820316737288
3.4176244670740448	0.0013034244025919607
3.464092201348252	0.0013012905921988846
3.5111917342151306	0.0012992588931850918
3.55893165592484	0.001297246227384281
3.607320673524882	0.001295411248590893
3.656367612448139	0.001293655315279415
3.706081418122499	0.0012919442059864687
3.7564711576023693	0.001290393963473641
3.807546021222372	0.001288837172540867
3.8593153242735205	0.001287431836974505
3.9117885087021924	0.0012860631840543747
3.9649751448321977	0.0012847422448432888
4.018884933110264	0.001283558879569881
4.073527705875249	0.0012823403610509765
4.128913429151419	0.0012812670783120706
4.185052204466096	0.0012802034450012673
4.241954270692031	0.0012791912603381595
4.299630005914811	0.0012782633722715417
4.358089929325679	0.0012773450428558613
4.417344703140071	0.0012764889588530546
4.477405134542244	0.0012756920130316354
4.538282177656347	0.0012748962348189076
4.599986935544288	0.0012741813726350676
4.662530662230765	0.00127347936044466
4.725924764755836	0.0012728102083126912
4.790180805255388	0.0012721958618676292
4.8553105030699	0.0012715901206274158
4.921325736881874	0.001271021401521038
4.988238546882333	0.0012704968087913257
5.056061136966764	0.001269967975110234
5.124805876960934	0.0012694967109394782
5.194485304876955	0.0012690314933113918
5.265112129200035	0.0012685888946336384
5.3366992312063095	0.0012681826214733726
5.409259667312202	0.0012677803079596615
5.482806671455711	0.0012674060071461177
5.557353657510084	0.0012670569696383858
5.632914221730313	0.0012667071982287008
5.709502145232879	0.001266395879759957
5.7871313965092295	0.0012660868887783144
5.86581613397342	0.001265793087987029
5.945570708544392	0.00126552573048053
6.026409666263372	0.0012652574206744387
6.10834775094685	0.0012650093704378064
6.19139990687563	0.0012647793284735571
6.275581281520446	0.0012645453152228747
6.360907228304629	0.0012643399527891342
6.447393309404346	0.001264134778478327
6.535055298586907	0.0012639390580553385
6.623909184087665	0.0012637622933639183
6.713971171526029	0.0012635832155761678
6.805257686861126	0.001263418545152894
6.8977853793876545	0.0012632658924001813
6.991571124772462	0.0012631092832750257
7.086632028132419	0.0012629734521018546
7.1829854271541285	0.001262836306498324
7.28064889525607	0.0012627053187801666
7.379640244793722	0.001262588275838684
7.479977530308276	0.001262467882269493
7.581679051819497	0.001262358081420247
7.684763358163398	0.0012622563710779535
7.789249250375254	0.0012621505768454612
7.895155785118634	0.0012620603392325528
8.002502278161053	0.0012619679164895844
8.111308307896874	0.0012618796903784756
8.221593718918117	0.0012618015607418476
8.33337862563382	0.0012617198065573963
8.446683415938601	0.0012616458784038378
8.561528754931102	0.0012615773944288
8.677935588683004	0.0012615051579450331
8.795925148059268	0.001261444487659053
8.915518952590332	0.0012613813594101711
9.03673881439695	0.0012613210391005372
9.15960684216839	0.0012612681342381528
9.284145445194744	0.0012612116317778394
9.410377337454033	0.0012611610556206314
9.5383255417549	0.0012611140645353701
9.668013393935633	0.001261063662802204
9.79946454712026	0.0012610220505085267
9.932702976032536	0.0012609779100487986
10.067752981368567	0.0012609356459003375
10.204639194228903	0.0012608988482242789
10.343386580610872	0.0012608587241039982
10.484020445962004	0.0012608230461929957
10.626566439795377	0.0012607897197921953
10.77105056036769	0.0012607534009519163
10.917499159420974	0.0012607237381412457
11.065938946988735	0.001260691671106909
11.21639699626748	0.0012606608415874502
11.368900748554458	0.0012606340348258705
11.523478018252538	0.0012606042484624078
11.680156997943147	0.0012605778090282065
11.838966263528174	0.00126055287924687
11.999934779441778	0.0012605253336170424
12.163091903933081	0.0012605028511409604
12.32846739442066	0.0012604781483761224
12.496091412919867	0.0012604542387792193
12.665994531543925	0.001260433295913366
12.838207738079818	0.0012604097013112399
13.012762441640009	0.0012603886061290696
13.189690478390984	0.0012603684384261949
13.369024117359704	0.001260346014102267
13.550796066318973	0.0012603274183685409
13.73503947775287	0.0012603068039171955
13.921787954903255	0.0012602866712399699
14.111075557898486	0.0012602686786930156
14.3029368099655	0.001260248352335551
14.497406703726316	0.0012602298969458389
14.69452070758017	0.0012602119236640255
14.894314772172429	0.0012601919835137248
15.096825336951431	0.0012601749367168067
15.302089336814522	0.0012601560443690218
15.51014420884441	0.0012601373956087022
15.721027899137114	0.0012601202607181235
15.934778869722813	0.0012601010558389877
16.151436105580693	0.001260083205957009
16.371039121749263	0.0012600655144355828
16.593627970533277	0.0012600460955850031
16.819243248808696	0.0012600288122051094
17.047926105426942	0.0012600098416459175
17.279718248719828	0.0012599909158461328
17.514661954106543	0.0012599729973713357
17.75280007180406	0.0012599532286234271
17.994176034642354	0.0012599343852204268
18.23883386598593	0.0012599154489712993
18.48681818776299	0.0012598949536082645
18.73817422860384	0.0012598759780115634
18.992947832089893	0.0012598554349878273
19.251185465114865	0.0012598347543931613
19.512934226359633	0.0012598146691118336
19.77824185488233	0.0012597928876638095
20.047156738825244	0.001259771664013716
20.319727924240077	0.0012597501311141283
20.596005124033237	0.0012597271481665764
20.876038727032675	0.0012597051696021312
21.15987980717813	0.001259681693750097
21.447580132836176	0.001259657903332174
21.739192176242057	0.001259634345461785
22.0347691230698	0.0012596091893343853
22.3343648821325	0.0012595842598378322
22.63803409521449	0.0012595588136005914
22.94583214703715	0.0012595319681705
23.257815175360314	0.0012595056773064474
23.574040081220883	0.001259477906651981
23.89456453931078	0.0012594496354658168
24.219447008495926	0.0012594212687679124
24.548746742478272	0.0012593913377106855
24.882523800602772	0.0012593613158966533
25.220839058811332	0.001259330572544828
25.56375422074565	0.0012592984152239464
25.911331829001057	0.0012592663970202279
26.26363527653333	0.0012592328674412556
26.620728818220627	0.0012591986269169008
26.98267758258263	0.001259163969389432
27.349547583658996	0.0012591277188835975
27.721405733049316	0.001259091058815799
28.09831985211684	0.0012590534502621039
28.480358684358023	0.0012590143500864762
28.86759190794033	0.001258974990753954
29.260090148410516	0.0012589340239547299
29.65792499157564	0.001258892105567478
30.061168996559246	0.0012588494429004076
30.469895709035082	0.0012588050866083156
30.88417967464071	0.0012587599841849223
31.304096452573518	0.0012587136756563192
31.72972262937161	0.0012586657297692487
32.16113583288201	0.0012586171168961708
32.59841474641885	0.0012585667347528048
33.041639123113995	0.0012585151170138743
33.490889800462874	0.0012584623984456694
33.94624871506797	0.001258407810366615
34.40779891758287	0.0012583521073203194
34.87562458785947	0.0012582948915485222
35.34981105030106	0.0012582358151505318
35.830444789424284	0.0012581756403331897
36.317613465632604	0.0012581134578171275
36.81140593120422	0.0012580496957529832
37.311912246497435	0.0012579844329899258
37.81922369637629	0.0012579170415042296
38.33343280685956	0.0012578481155631196
38.854633361996136	0.0012577773064800291
39.3829204209698	0.0012577043277392898
39.91839033543663	0.0012576297707737288
40.46114076709807	0.00125755287942386
41.011270705513	0.0012574739918517297
41.56888048615192	0.0012573931390664024
42.13407180869664	0.0012573098021652854
42.706947755588814	0.0012572244414850461
43.287612810830566	0.001257136745466121
43.876172879040915	0.0012570464716374042
44.472735304771085	0.0012569540703703133
45.07740889208259	0.0012568589049247322
45.69030392439153	0.0012567612345328798
46.31153218458246	0.0012566610490517018
46.94120697539615	0.001256557911787137
47.579443140094114	0.0012564521694057068
48.226357083404416	0.0012563435379576477
48.882066792752106	0.0012562318032670375
49.546691859778356	0.0012561172966588975
50.22035350215222	0.001255999473799995
50.90317458567889	0.0012558785240452549
51.595279646708605	0.0012557543992453375
52.29679491485018	0.001255626722007754
53.00784833599346	0.0012554957421268683
53.72856959564467	0.001255361192701432
54.45909014257917	0.0012552228742836315
55.199543212815705	0.0012550810179812546
55.95006385391666	0.0012549351471873814
56.71078894961876	0.0012547853858824007
57.481857244798555	0.0012546316512864867
58.263409370777445	0.0012544736068045544
59.05558787097075	0.0012543114152789186
59.85853722688543	0.0012541448178173434
60.672403884471414	0.0012539736186843436
61.497336280831135	0.0012537979603395176
62.33348487129219	0.0012536174139951123
63.181002156848244	0.0012534320420278895
64.0400427119728	0.0012532417263166817
64.91076321281136	0.0012530461537654917
65.79332246575679	0.0012528454090185008
66.68788143641322	0.0012526392320640475
67.5946032789538	0.0012524274195283931
68.51365336587746	0.0012522100341033956
69.44519931817058	0.0012519866762720554
70.38941103587835	0.0012517573481932512
71.34646072909214	0.001251521894840593
72.31652294935799	0.0012512800115127385
73.2997746215121	0.0012510317091612994
74.2963950759495	0.0012507767169164495
75.30656608133104	0.001250514814378078
76.33047187773536	0.0012502459889543293
77.36829921026147	0.0012499698538172772
78.42023736308835	0.0012496863508831434
79.48647819399741	0.0012493952841159874
80.5672161693647	0.0012490963432926216
81.66264839962837	0.0012487894680706696
82.77297467523896	0.0012484743666987116
83.898397503098	0.0012481507915469878
85.03912214349228	0.0012478186572251544
86.19535664753033	0.0012474775743089698
87.36731189508771	0.0012471274216525514
88.55520163326847	0.0012467679573936854
89.75924251538929	0.001246398852645906
90.97965414049393	0.0012460199749623668
92.21665909340474	0.001245631002006756
93.47048298531881	0.0012452316493235015
94.74135449495606	0.0012448217575487801
96.02950541026686	0.0012444009200294095
97.33517067070672	0.0012439689490984726
98.65858841008557	0.0012435255505004927
100.0	0.00124307036393118
