# mean mock RIC P(k) for p=0.0, NGC Pk*A/Q0(0)
2.101100836121750035e+04
3.609252439843749744e+04
4.267529160156250146e+04
4.391222636328124645e+04
4.124932472265625256e+04
3.719945592968750134e+04
3.272633058203124892e+04
2.882483599023437637e+04
2.554713176953125003e+04
2.286465935351562439e+04
2.091723216699218756e+04
1.937317802734375073e+04
1.814015627832031169e+04
1.691943384960937328e+04
1.570073684960937499e+04
1.436547387695312500e+04
1.294985558203125038e+04
1.159341729199218753e+04
1.039890174902343824e+04
9.447521416503906948e+03
8.627231277343749753e+03
8.002519885742187398e+03
7.496944723144531054e+03
7.085608097167968481e+03
6.702840563476562238e+03
6.359686036132812660e+03
5.961302393554687114e+03
5.561749794921875036e+03
5.169715836181640952e+03
4.777645143798828030e+03
4.421899854003906512e+03
4.086015267333984411e+03
3.791891390380859320e+03
3.577156714111328256e+03
3.398774304199218932e+03
3.208032862304687569e+03
3.041485358398437711e+03
2.873392820556640800e+03
2.744659057739257605e+03
2.600144412475585796e+03
2.457340271728515745e+03
2.299391466064453198e+03
2.164350124023437274e+03
2.043841934936523330e+03
1.921307976928711014e+03
