# mean mock RIC P(k) for p=3.0, SGC Pk*A/Q0(0)
1.693288664279174918e+04
3.248223037390136597e+04
3.930208536718750111e+04
4.076042766992187535e+04
3.863774930664062413e+04
3.481031258398437785e+04
3.092571764843750134e+04
2.732934479101562465e+04
2.438895469921874974e+04
2.207020561328125041e+04
2.012120768066406163e+04
1.864675717675781198e+04
1.742896320507812561e+04
1.637320039453124991e+04
1.512214514160156250e+04
1.386173341796874956e+04
1.255587412792968826e+04
1.128103684863281160e+04
1.018644021386718669e+04
9.217208168945311627e+03
8.476328538085937907e+03
7.904074091796875109e+03
7.421178220703124680e+03
7.020047241699218830e+03
6.642741845703125364e+03
6.301693519042968546e+03
5.945702485839843575e+03
5.572717137451171766e+03
5.197222959228515720e+03
4.809230369140625044e+03
4.505210483398437646e+03
4.197912469482422239e+03
3.916635663330077932e+03
3.691543101318359277e+03
3.499997079833984571e+03
3.337333811035156032e+03
3.185561309326171795e+03
3.042479944824218819e+03
2.898303517211913913e+03
2.743136486572265767e+03
2.604859700439453263e+03
2.459940295776367293e+03
2.324856489868163862e+03
2.200368161010742369e+03
2.099775757141113445e+03
2.005535632446289128e+03
1.906786291076660063e+03
1.827351854309082000e+03
1.734933497314453234e+03
1.654857411743163993e+03
1.574664055175781186e+03
1.531717282287597754e+03
1.453535095825195413e+03
1.390477589721679578e+03
1.335552784667968808e+03
