# mean mock P(k) for p=3.0, SGC Pk*A/Q0(0)
2.316562551059532052e+04
3.466714141210937669e+04
4.037465170605469029e+04
4.140520804296874849e+04
3.879055051367187843e+04
3.503641241992187861e+04
3.105442397265624822e+04
2.736437428710937456e+04
2.437681190039062494e+04
2.205400120703125140e+04
2.026898384960937619e+04
1.870290481347656169e+04
1.755442245800781166e+04
1.643219692871093866e+04
1.514033127734375012e+04
1.385545922656249968e+04
1.259417349804687547e+04
1.132662771972656265e+04
1.018462043749999975e+04
9.214897180175781614e+03
8.471183756835936947e+03
7.931509822265625189e+03
7.346093260253906010e+03
6.995458164062500146e+03
6.632441865234374745e+03
6.292172959960937078e+03
5.933109822753905974e+03
5.542599590576171977e+03
5.255502686523437660e+03
4.830710450195312660e+03
4.493534654052734368e+03
4.171352775634765749e+03
3.892972832275390829e+03
3.683048204345703198e+03
3.487420080810547006e+03
3.302029423583984226e+03
3.169457553466796981e+03
3.054492528442382991e+03
2.869800363525390821e+03
2.733322818481445211e+03
2.621066872802734451e+03
2.471422750244140843e+03
2.327984665527343623e+03
2.203827879272460905e+03
2.117947042541503833e+03
2.013604814697265738e+03
1.915043437438964929e+03
1.823203131835937484e+03
1.766163882995605491e+03
1.638898477050781139e+03
1.563316034240722729e+03
1.519378206970214933e+03
1.462553431823730534e+03
1.395805165740966686e+03
1.330384638549804777e+03
