0.0001	1.4830111899012237e9
0.00010135965009385569	1.4825422336417954e9
0.00010273778667148859	1.482060766758032e9
0.00010413466108439276	1.481566514370789e9
0.000105550528101563	1.4810591409360518e9
0.00010698564595596108	1.4805382759372766e9
0.00010844027639161341	1.4800036199187486e9
0.00010991468471134935	1.479454789640993e9
0.00011140913982518839	1.4788914146799183e9
0.00011292391429938538	1.4783131662819588e9
0.00011445928440614249	1.477719609612154e9
0.00011601553017399716	1.4771103954293075e9
0.00011759293543889508	1.4764851195926213e9
0.00011919178789595767	1.4758433498230646e9
0.00012081237915195332	1.47518470681133e9
0.00012245500477848215	1.4745087404032457e9
0.00012411996436588376	1.4738150092913404e9
0.00012580756157787814	1.4731031014795654e9
0.00012751810420694932	1.472372516335992e9
0.00012925190423048212	1.471622820909904e9
0.0001310092778676621	1.4708535321434398e9
0.00013279054563714946	1.470064143679915e9
0.0001345960324155364	1.4692541874088645e9
0.0001364260674966003	1.468423134671013e9
0.00013828098465136146	1.4675704619304466e9
0.00014016112218895825	1.466695664921452e9
0.0001420668230183496	1.4657981646435442e9
0.0001439984347108564	1.4648774348451042e9
0.00014595630956355327	1.463932903148773e9
0.00014794080466352241	1.4629639773516488e9
0.00014995228195298086	1.46197009156382e9
0.0001519911082952933	1.4609506275417254e9
0.00015405765554188258	1.4599049688579907e9
0.00015615230060004966	1.458832510354492e9
0.00015827542550171604	1.4577325832032025e9
0.00016042741747310062	1.4566045590403533e9
0.00016260866900534387	1.455447766905345e9
0.0001648195779260925	1.45426151850048e9
0.00016706054747205718	1.453045142338885e9
0.00016933198636255684	1.4517979213637447e9
0.00017163430887406304	1.4505191375657802e9
0.00017396793491575782	1.4492080779795804e9
0.0001763332901061187	1.4478639751182353e9
0.00017873080585054536	1.4464860920504763e9
0.00018116091942004133	1.4450736525755315e9
0.00018362407403096575	1.443625865266014e9
0.00018612071892586943	1.4421419482182388e9
0.00018865130945542986	1.44062107987525e9
0.0001912163071615006	1.4390624357837741e9
0.00019381617986128936	1.437465192066591e9
0.00019645140173268086	1.435828478263701e9
0.00019912245340072008	1.434151446875732e9
0.0002018298220252707	1.4324332146901474e9
0.00020457400138986607	1.430672885448863e9
0.0002073554919917677	1.428869567361045e9
0.00021017480113324873	1.427022334621121e9
0.00021303244301411792	1.4251302576773708e9
0.00021592893882550244	1.423192404998317e9
0.000218864816844905	1.4212078058475688e9
0.0002218406125325538	1.4191755072638927e9
0.00022485686862906272	1.4170945247495596e9
0.00022791413525441874	1.414963863532113e9
0.0002310129700083158	1.4127825305641565e9
0.00023415393807185266	1.4105495046734943e9
0.00023733761231061343	1.408263761558789e9
0.0002405645733791495	1.405924274393776e9
0.00024383540982688266	1.403529984635986e9
0.0002471507182054473	1.4010798488023233e9
0.0002505111031774927	1.3985727970543017e9
0.00025391717762696434	1.3960077530788448e9
0.0002573695627708851	1.3933836419005158e9
0.00026086888827265534	1.3906993670286744e9
0.0002644157923568948	1.387953831129337e9
0.0002680109219258446	1.3851459358956804e9
0.00027165493267735286	1.382274559322737e9
0.0002753484892244641	1.3793385941858666e9
0.0002790922652166347	1.376336913270108e9
0.00028288694346259666	1.3732683878918464e9
0.0002867332160548913	1.3701318925373714e9
0.0002906317844960971	1.3669262876325858e9
0.00029458335982677277	1.363650436635285e9
0.0002985886627551407	1.3603032054319332e9
0.00030264842378853343	1.356883444763724e9
0.00030676338336662695	1.3533900218905091e9
0.0003109342919964862	1.349821791346653e9
0.00031516191038944655	1.3461776120745015e9
0.00031944700959985405	1.3424563495963445e9
0.00032379037116569764	1.338656863202578e9
0.0003281927872511478	1.3347780199781883e9
0.00033265506079103557	1.3308186938067546e9
0.00033717800563729655	1.3267777517761822e9
0.00034176244670740486	1.32265408011406e9
0.00034640922013482557	1.3184465594090126e9
0.0003511191734215135	1.3141540802264426e9
0.0003558931655924844	1.309775543222704e9
0.00036073206735248855	1.3053098496329684e9
0.0003656367612448142	1.3007559125075693e9
0.00037060814181225023	1.2961126552165902e9
0.00037564711576023734	1.2913790007369547e9
0.00038075460212223756	1.2865538925867474e9
0.0003859315324273524	1.2816362734722204e9
0.00039117885087021966	1.276625099150167e9
0.0003964975144832202	1.2715193366440058e9
0.0004018884933110268	1.26631795698251e9
0.00040735277058752536	1.2610199437412932e9
0.00041289134291514233	1.255624290821748e9
0.00041850522044661014	1.2501299936264396e9
0.00042419542706920334	1.2445360654955385e9
0.0004299630005914814	1.2388415188488398e9
0.00043580899293256813	1.2330453770835707e9
0.0004417344703140073	1.227146670993543e9
0.00044774051345422463	1.2211444329382699e9
0.00045382821776563493	1.215037702841187e9
0.000459998693554429	1.20882552516312e9
0.0004662530662230768	1.202506941336593e9
0.00047259247647558385	1.1960810023469307e9
0.00047901808052553904	1.1895467518971364e9
0.00048553105030699017	1.182903236561461e9
0.0004921325736881877	1.176149500930056e9
0.0004988238546882336	1.1692845830917675e9
0.0005056061136966767	1.1623075188601031e9
0.0005124805876960937	1.1552173386142814e9
0.0005194485304876958	1.1480130613476608e9
0.0005265112129200037	1.1406937048989565e9
0.0005336699231206312	1.1332582718509328e9
0.0005409259667312205	1.1257057593753695e9
0.0005482806671455713	1.118035154892336e9
0.0005557353657510086	1.1102454342971861e9
0.0005632914221730315	1.102335566710684e9
0.0005709502145232881	1.0943045135386012e9
0.0005787131396509233	1.0861512263861563e9
0.0005865816133973423	1.077874658265374e9
0.0005945570708544394	1.0694737550314229e9
0.0006026409666263374	1.0609474684638256e9
0.0006108347750946853	1.0522947563608752e9
0.0006191399906875633	1.0435145872536751e9
0.0006275581281520449	1.034605950201417e9
0.0006360907228304632	1.0255678606742055e9
0.0006447393309404349	1.0163993668862442e9
0.000653505529858691	1.0070995673810035e9
0.0006623909184087668	9.97667612905381e8
0.0006713971171526032	9.881027281333002e8
0.000680525768686113	9.784042217067354e8
0.0006897785379387658	9.685715025748929e8
0.0006991571124772466	9.586041002854012e8
0.0007086632028132422	9.485016828010277e8
0.0007182985427154132	9.382640758395784e8
0.0007280648895256074	9.278912915261151e8
0.0007379640244793725	9.17383544286431e8
0.0007479977530308276	9.067412844244722e8
0.0007581679051819496	8.959652204729984e8
0.0007684763358163397	8.850563481995775e8
0.0007789249250375254	8.740159815376699e8
0.0007895155785118634	8.628457809319203e8
0.0008002502278161051	8.515477824836055e8
0.0008111308307896872	8.40124433064218e8
0.0008221593718918117	8.285786131358823e8
0.000833337862563382	8.169136731494597e8
0.0008446683415938601	8.051334567508829e8
0.0008561528754931103	7.932423281947846e8
0.0008677935588683004	7.812451971824325e8
0.0008795925148059268	7.691475380378244e8
0.0008915518952590332	7.569554058946316e8
0.0009036738814396948	7.44675452889824e8
0.000915960684216839	7.323149292267593e8
0.0009284145445194745	7.198816911372466e8
0.0009410377337454033	7.073841910320221e8
0.0009538325541754903	6.948314668866314e8
0.0009668013393935633	6.822331227801026e8
0.000979946454712026	6.695992991084396e8
0.0009932702976032535	6.56940635028233e8
0.0010067752981368567	6.442682250629182e8
0.0010204639194228906	6.315935581277074e8
0.001034338658061087	6.189284586719618e8
0.0010484020445962004	6.062850081486766e8
0.0010626566439795376	5.936754646305896e8
0.001077105056036769	5.811121727950501e8
0.0010917499159420975	5.686074655504323e8
0.0011065938946988735	5.561735611763291e8
0.001121639699626748	5.438224585920511e8
0.0011368900748554458	5.315658233318655e8
0.0011523478018252537	5.1941488336048836e8
0.0011680156997943148	5.073803168095321e8
0.0011838966263528175	4.9547215113191825e8
0.0011999934779441778	4.83699667088575e8
0.001216309190393308	4.720713116905663e8
0.0012328467394420659	4.605946251405414e8
0.0012496091412919868	4.4927618462910074e8
0.0012665994531543925	4.381215602152512e8
0.0012838207738079819	4.2713529978735125e8
0.0013012762441640007	4.16320926193226e8
0.0013189690478390985	4.0568096428998303e8
0.0013369024117359702	3.9521698853408766e8
0.0013550796066318972	3.849296930641312e8
0.0013735039477752872	3.748189849942913e8
0.0013921787954903255	3.648840981698415e8
0.0014111075557898486	3.551237185563268e8
0.00143029368099655	3.455361299098197e8
0.0014497406703726315	3.361193572533814e8
0.0014694520707580173	3.2687131824969476e8
0.0014894314772172428	3.177899653348042e8
0.001509682533695143	3.0887341444607836e8
0.0015302089336814522	3.0012005460392874e8
0.00155101442088444	2.915286301122127e8
0.0015721027899137107	2.8309828472912014e8
0.0015934778869722804	2.7482857373886234e8
0.0016151436105580686	2.6671942421550032e8
0.0016371039121749254	2.5877105768915793e8
0.001659362797053327	2.509838653650969e8
0.001681924324880869	2.43358243436272e8
0.0017047926105426933	2.3589439667150766e8
0.001727971824871982	2.2859211872184572e8
0.0017514661954106535	2.2145055915373763e8
0.001775280007180405	2.1446800263008618e8
0.0017994176034642347	2.0764166286215657e8
0.001823883386598592	2.0096752540043333e8
0.001848681818776298	1.9444024655187008e8
0.0018738174228603833	1.880531296945312e8
0.0018992947832089885	1.8179819380009723e8
0.0019251185465114858	1.756663413546324e8
0.0019512934226359625	1.6964762667848286e8
0.001977824185488232	1.6373162871077502e8
0.0020047156738825234	1.5790790139874136e8
0.0020319727924240066	1.5216649532209298e8
0.0020596005124033216	1.4649850907483867e8
0.0020876038727032655	1.4089663818787628e8
0.0021159879807178105	1.3535567993904862e8
0.002144758013283615	1.2987294718985106e8
0.0021739192176242032	1.244485470721246e8
0.0022034769123069776	1.1908549460145769e8
0.002233436488213248	1.1378962086220707e8
0.0022638034095214463	1.0856927811940557e8
0.0022945832147037134	1.0343483533907959e8
0.002325781517536029	9.839799534168749e7
0.002357404008122086	9.347098042626962e7
0.0023894564539310753	8.866564930208267e7
0.0024219447008495903	8.399262510771938e7
0.002454874674247825	7.946052881213664e7
0.0024882523800602743	7.50753920506002e7
0.00252208390588113	7.084033909469785e7
0.0025563754220745624	6.675557769075161e7
0.002591133182900103	6.281872429443313e7
0.00262636352765333	5.902544320610098e7
0.00266207288182206	5.537033309173723e7
0.0026982677582582603	5.184795704635671e7
0.002734954758365897	4.845388561521526e7
0.0027721405733049293	4.51855880270408e7
0.0028098319852116814	4.204303766560986e7
0.002848035868435799	3.9028897611812614e7
0.00288675919079403	3.614822277096522e7
0.0029260090148410488	3.3407678586349312e7
0.0029657924991575613	3.0814354859520413e7
0.003006116899655922	2.8374337589804824e7
0.003046989570903505	2.6091269426954344e7
0.0030884179674640676	2.396514647773027e7
0.003130409645257355	2.1991616342525374e7
0.003172972262937164	2.016195523966454e7
0.0032161135832882042	1.8463817713467967e7
0.0032598414746418877	1.688270487001033e7
0.003304163912311403	1.5403942961890057e7
0.0033490889800462903	1.4014836340075819e7
0.003394624871506801	1.2706578310745908e7
0.003440779891758291	1.1475484398621978e7
0.0034875624587859507	1.0323229438676948e7
0.003534981105030109	9.255921664998591e6
0.0035830444789424322	8.282115390235554e6
0.003631761346563264	7.410116890000842e6
0.0036811405931204254	6.645150978106488e6
0.003731191224649747	5.987067046076565e6
0.003781922369637633	5.429209768157969e6
0.00383334328068596	4.958838058267185e6
0.0038854633361996176	4.559133108334913e6
0.003938292042096984	4.212373098206615e6
0.003991839033543667	3.9034969314445336e6
0.004046114076709811	3.6230648754644855e6
0.004101127070551305	3.3686878834980642e6
0.004156888048615196	3.1443700405054986e6
0.004213407180869668	2.9578060920868977e6
0.004270694775558886	2.81633802808348e6
0.004328761281083062	2.722836404515754e6
0.004387617287904096	2.6729190352623314e6
0.004447273530477113	2.654643257559127e6
0.004507740889208263	2.651032579463894e6
0.004569030392439155	2.644778734494799e6
0.004631153218458249	2.623547785089234e6
0.004694120697539618	2.583875082386578e6
0.004757944314009414	2.531930896090451e6
0.004822635708340444	2.480534451042189e6
0.004888206679275213	2.443264438293616e6
0.004954669185977838	2.427906947031797e6
0.005022035350215225	2.432044542645583e6
0.005090317458567892	2.442969304534987e6
0.005159527964670863	2.4423757444130112e6
0.00522967949148502	2.414067174138486e6
0.005300784833599349	2.351219664424902e6
0.00537285695956447	2.2595906441935846e6
0.00544590901425792	2.1546860782129928e6
0.005519954321281573	2.053889517224011e6
0.0055950063853916696	1.9673807091688998e6
0.0056710788949618784	1.8927722167533692e6
0.0057481857244798575	1.816826654873312e6
0.005826340937077747	1.7238148512319166e6
0.005905558787097077	1.6059869374398927e6
0.0059858537226885455	1.4698042677321914e6
0.006067240388447145	1.3334859361265565e6
0.006149733628083117	1.216611801735892e6
0.006233348487129224	1.1279319832275335e6
0.006318100215684829	1.0595308970536734e6
0.006404004271197283	992055.9258983177
0.006491076321281139	908340.923586028
0.006579332246575682	806263.474198981
0.006668788143641326	701206.0766206209
0.006759460327895383	615342.0914461507
0.00685136533658775	561084.0470378484
0.006944519931817061	531523.2014876761
0.007038941103587838	506252.8299025078
0.007134646072909218	468752.0840721417
0.007231652294935799	420947.69346694293
0.00732997746215121	381563.44725923444
0.0074296395075949505	368449.53822271497
0.007530656608133104	380302.88078826736
0.007633047187773535	395640.8807182648
0.0077368299210261475	391770.97488209576
0.007842023736308833	366442.7073313639
0.007948647819399742	340074.3294270285
0.008056721616936468	334540.4043745023
0.008166264839962837	349496.51062509906
0.008277297467523896	362175.10294792126
0.008389839750309798	352446.3795815082
0.008503912214349228	325703.9682072368
0.008619535664753031	306029.36233032634
0.00873673118950877	305969.8891316597
0.008855520163326847	309538.71657076373
0.008975924251538928	291727.6075739009
0.009097965414049395	251824.15942034606
0.009221665909340473	216551.39811026177
0.00934704829853188	205899.24830600547
0.009474135449495606	206516.95976987292
0.009602950541026688	191148.1971346914
0.009733517067070672	158579.90029287286
0.009865858841008558	135482.31327145768
0.01	135135.2958874096
0.010135965009385569	135928.80754132482
0.01027377866714886	116185.3485416773
0.010413466108439273	91299.69827711923
0.010555052810156298	89845.54320725487
0.010698564595596108	104976.16725087383
0.010844027639161341	104925.48872192643
0.010991468471134934	87867.98034877398
0.01114091398251884	83610.85176493479
0.011292391429938537	96585.82337391717
0.01144592844061425	96886.06594055131
0.011601553017399716	79517.57229648947
0.011759293543889507	75956.17152108267
0.011919178789595768	90307.07708158508
0.012081237915195333	89040.0657877429
0.012245500477848215	70229.15968821938
0.012411996436588378	67049.64285451263
0.012580756157787814	75120.03695963697
0.012751810420694934	64232.30673898115
0.01292519042304821	50041.597264946235
0.013100927786766213	58226.38867431314
0.013279054563714945	61664.97266069973
0.013459603241553642	44643.81086708832
0.01364260674966003	41575.648322751986
0.013828098465136145	51016.878783741515
0.014016112218895826	41372.4376308765
0.014206682301834963	34921.42460224493
0.01439984347108564	46481.858951759474
0.014595630956355327	40656.743624682465
0.014794080466352243	29021.636014137606
0.014995228195298086	38474.10980991542
0.01519911082952933	36379.65325294823
0.015405765554188258	26516.934659891434
0.015615230060004965	35989.488566209555
0.015827542550171603	31381.312756874417
0.01604274174731006	21497.6022175983
0.01626086690053439	32089.706356179446
0.016481957792609254	25666.94466607246
0.01670605474720572	21441.91417366419
0.016933198636255684	29454.353053505416
0.017163430887406305	17161.501531984646
0.01739679349157578	21309.481863340847
0.01763332901061187	23346.330564639356
0.017873080585054556	14289.578936349248
0.018116091942004153	22177.658456954745
0.018362407403096595	13764.20995365211
0.01861207189258696	16549.693486233955
0.018865130945543006	18339.245126139464
0.01912163071615008	12669.744648057938
0.019381617986128953	17752.728418675917
0.019645140173268107	12106.852393252873
0.019912245340072025	15888.721661842714
0.02018298220252709	13533.950074197865
0.02045740013898663	12075.450363002168
0.020735549199176792	12833.371576906724
0.021017480113324893	10634.036019495146
0.021303244301411815	11930.524889349903
0.021592893882550267	9052.62556892008
0.021886481684490523	9858.065631630956
0.022184061253255404	9031.148597600155
0.022485686862906296	8726.230243949232
0.022791413525441895	7812.0853194102
0.023101297000831602	7558.77030450953
0.023415393807185294	7681.481211270374
0.023733761231061367	6792.460064464242
0.024056457337914977	6632.535533320628
0.02438354098268829	6604.572573279923
0.024715071820544752	6467.501386547365
0.02505111031774929	5793.68607672513
0.025391717762696456	5867.510066936632
0.025736956277088534	5637.520413781196
0.026086888827265564	5074.634286821563
0.02644157923568951	4906.303192504383
0.02680109219258449	4927.297005678607
0.027165493267735312	4464.499693649683
0.027534848922446432	4365.223531743001
0.0279092265216635	4417.571717687851
0.028288694346259694	3999.994062568056
0.028673321605489164	3856.457608580591
0.029063178449609737	3835.635887977433
0.029458335982677303	3413.6902300046
0.0298588662755141	3354.8401458704006
0.030264842378853372	3259.7084172024647
0.030676338336662726	2894.9602770330966
0.03109342919964865	2929.4334061680875
0.031516191038944624	2712.055869047348
0.031944700959985375	2536.460007790433
0.03237903711656973	2594.023991344463
0.03281927872511474	2333.0614980761534
0.03326550607910352	2329.461013332077
0.033717800563729625	2177.7023674150964
0.03417624467074045	2000.5216526797255
0.03464092201348252	1974.156232901391
0.03511191734215131	1780.9968824729494
0.0355893165592484	1778.3310464770545
0.036073206735248824	1654.9071069958668
0.03656367612448139	1593.8009247766524
0.03706081418122499	1536.174701735722
0.037564711576023695	1437.2245530668924
0.038075460212223716	1395.940735682945
0.038593153242735205	1280.2341961407344
0.03911788508702192	1211.846822221056
0.03964975144832198	1116.3345134596402
0.04018884933110264	1056.9548540181395
0.04073527705875249	999.5043149560612
0.04128913429151419	945.5045980517755
0.04185052204466097	892.8745816461892
0.0424195427069203	836.237212011347
0.04299630005914809	789.5739927432135
0.043580899293256765	738.1490459171463
0.044173447031400685	695.227528074973
0.04477405134542242	653.5818162491704
0.04538282177656345	624.9012112552679
0.045999869355442854	597.4902403810777
0.04662530662230763	568.2761207339378
0.04725924764755833	535.2035027242882
0.04790180805255385	505.9237502305409
0.04855310503069898	482.0936087670348
0.04921325736881872	461.8693764051895
0.04988238546882331	443.65249343086674
0.05056061136966762	426.62790616840516
0.05124805876960931	408.2454006497638
0.05194485304876952	387.24844493360985
0.052651121292000315	366.59964236430426
0.05336699231206307	350.65069199076476
0.054092596673121995	336.9627712255941
0.054828066714557075	321.71018563762277
0.055573536575100814	305.7062285212378
0.056329142217303146	290.24980550442086
0.057095021452328816	273.84723431406303
0.05787131396509233	258.3212388447593
0.058658161339734234	246.60905031437466
0.05945570708544394	235.44758389120219
0.06026409666263375	222.28695721416094
0.06108347750946853	210.3503765533522
0.06191399906875633	200.79999036350694
0.06275581281520448	191.70071103608956
0.06360907228304631	183.23140667258954
0.06447393309404349	174.54742739783148
0.0653505529858691	164.61979525682827
0.06623909184087667	155.94306118169678
0.06713971171526031	149.0509219707639
0.0680525768686113	142.21378390680727
0.06897785379387658	135.59836692140894
0.06991571124772467	129.059522066584
0.07086632028132422	122.72176478417381
0.07182985427154133	117.55628719885534
0.07280648895256073	112.62476507543671
0.07379640244793725	107.01606827575382
0.07479977530308275	101.26582098360257
0.07581679051819497	96.06734740234234
0.07684763358163398	91.16148519775697
0.07789249250375253	85.92642890012672
0.07895155785118634	80.94947010854864
0.08002502278161053	77.41326329415807
0.08111308307896872	74.62297686900114
0.08221593718918116	70.73685477695948
0.0833337862563382	66.44930707626146
0.084466834159386	63.0559090072113
0.08561528754931101	60.03493106840742
0.08677935588683004	56.97092027607294
0.08795925148059269	54.009449309926175
0.08915518952590333	51.32433451862552
0.09036738814396948	49.37812154342816
0.0915960684216839	47.35831394504946
0.09284145445194746	45.20720642487838
0.09410377337454034	43.878012677295935
0.09538325541754901	42.118081670688234
0.09668013393935633	40.21301539829851
0.09799464547120258	38.5852078239676
0.09932702976032536	36.630230562613384
0.10067752981368568	35.05671104896496
0.10204639194228905	33.40360133763082
0.10343386580610872	31.57943161967396
0.10484020445962006	29.830050882075756
0.10626566439795376	27.816343418461553
0.10771050560367693	25.785998158917597
0.10917499159420974	23.861261819163214
0.11065938946988733	22.343991036140874
0.1121639699626748	20.731491255439817
0.11368900748554459	18.88476257624962
0.11523478018252538	17.636206609378355
0.11680156997943149	16.759288065862034
0.11838966263528175	16.08672042121077
0.11999934779441777	15.670231955756265
0.12163091903933079	15.32445255345537
0.1232846739442066	15.058075486692001
0.12496091412919869	14.643050251109477
0.12665994531543925	14.088154711332917
0.12838207738079818	13.57554833030507
0.13012762441640008	12.906038858758182
0.13189690478390984	12.380799937806984
0.133690241173597	12.033220660015955
0.13550796066318974	11.572525401499755
0.13735039477752872	11.074015628654777
0.13921787954903253	10.292232695721339
0.14111075557898486	9.678732594044726
0.143029368099655	9.425954286985984
0.14497406703726315	8.922379875873228
0.14694520707580172	8.217084947897058
0.1489431477217243	7.506726586140653
0.15096825336951433	7.062878480051951
0.1530208933681452	6.893793633186996
0.155101442088444	6.544638795228593
0.15721027899137108	6.06587469644134
0.15934778869722804	5.590103137941085
0.16151436105580685	5.179136888252334
0.16371039121749256	4.891424903285508
0.1659362797053327	4.634290074828246
0.16819243248808688	4.543653605480314
0.1704792610542693	4.517222449746945
0.1727971824871982	4.449605926126672
0.17514661954106536	4.330460776917618
0.1775280007180407	4.016262628981075
0.17994176034642367	3.707173564836274
0.18238833865985937	3.557719798245349
0.18486818187763	3.4671448166870276
0.18738174228603852	3.371738323848107
0.18992947832089904	3.17785032100056
0.19251185465114876	2.9478124292068566
0.1951293422635964	2.824715181997143
0.1977824185488234	2.6929812016726213
0.20047156738825253	2.5295648133283057
0.20319727924240086	2.431052354266433
0.20596005124033237	2.2979182440216217
0.20876038727032678	2.1067423149248525
0.21159879807178125	1.9631518294071868
0.21447580132836175	1.830526948696351
0.2173919217624206	1.791668324355944
0.22034769123069797	1.8153138789417946
0.223343648821325	1.6268446469045945
0.22638034095214488	1.432445835016553
0.2294583214703715	1.3810511720016174
0.23257815175360316	1.3356503622823965
0.23574040081220882	1.3147177828654255
0.2389456453931078	1.3050047091842358
0.24219447008495928	1.3275961389763982
0.2454874674247827	1.273409036450577
0.24882523800602768	1.1815433327222655
0.2522083905881133	1.161051091675277
0.2556375422074565	1.0781628844145963
0.25911331829001055	1.0178405613720025
0.26263635276533326	0.9615362396820303
0.26620728818220624	0.793478143144729
0.2698267758258263	0.6689744326019138
0.27349547583658995	0.6605159588864694
0.2772140573304932	0.6687097405847813
0.28098319852116843	0.6614376234091346
0.2848035868435802	0.7024331152261868
0.2886759190794033	0.7306608397502428
0.29260090148410517	0.662989859299124
0.2965792499157564	0.589587553975831
0.30061168996559245	0.5374869173591134
0.30469895709035083	0.4770678803383355
0.3088417967464071	0.4614802276647963
0.31304096452573515	0.4713307898083253
0.3172972262937161	0.4524485786962859
0.3216113583288201	0.4393667956701624
0.32598414746418847	0.4468828963067809
0.33041639123113997	0.42381220031967237
0.3349088980046287	0.39059990209424594
0.3394624871506797	0.3511832816007825
0.34407798917582877	0.27229991890707084
0.3487562458785947	0.2249488321750489
0.35349811050301055	0.23582143477336168
0.3583044478942429	0.27388197663930636
0.363176134656326	0.34581210499382975
0.3681140593120422	0.36058803860824434
0.3731191224649744	0.24563060401945083
0.3781922369637629	0.1708275283631496
0.38333432806859563	0.20190461045442906
0.3885463336199614	0.2191959319977052
0.393829204209698	0.22209461249978474
0.3991839033543663	0.218777481173301
0.4046114076709807	0.18137331125924167
0.41011270705513003	0.1363687608307177
0.4156888048615192	0.10005564862198775
0.4213407180869664	0.1261913735769023
0.4270694775558881	0.1864960402700246
0.4328761281083057	0.18387582097267838
0.43876172879040914	0.15565420954751255
0.4447273530477108	0.13683748951334243
0.4507740889208259	0.12482299460249258
0.456903039243915	0.08667192241441557
0.46311532184582443	0.06580036323925774
0.4694120697539612	0.10417221516264852
0.47579443140094085	0.12085818625408573
0.48226357083404386	0.10395326173967882
0.4888206679275208	0.08016268975553606
0.49546691859778336	0.08153448202323649
0.5022035350215219	0.10071158509423082
0.5090317458567887	0.0802590730303973
0.5159527964670857	0.056757727336038725
0.5229679491485015	0.06851676236219724
0.5300784833599342	0.06775359556531668
0.5372856959564464	0.05996158760747959
0.5445909014257914	0.052676450852163326
0.5519954321281567	0.0568405749318496
0.5595006385391669	0.07692167021281565
0.5671078894961878	0.053794826259656515
0.5748185724479858	0.0353186988410328
0.5826340937077747	0.0404861604794197
0.5905558787097077	0.03838159583835019
0.5985853722688546	0.05179610036436655
0.6067240388447145	0.04908974472475015
0.6149733628083116	0.03488698839729415
0.6233348487129223	0.032274985158088985
0.6318100215684828	0.0370342568412179
0.6404004271197282	0.03878101786640084
0.6491076321281138	0.01802088778738071
0.6579332246575682	0.024206402906329742
0.6668788143641325	0.04741434363488862
0.6759460327895382	0.03091020306298196
0.685136533658775	0.016021410890874405
0.694451993181706	0.020946463014134144
0.7038941103587839	0.026087876534321285
0.7134646072909216	0.024649289212988718
0.7231652294935799	0.018590050613514902
0.7329977462151209	0.024996678526943764
0.742963950759495	0.021870403699804343
0.7530656608133104	0.009065908341165694
0.7633047187773535	0.020087773866104313
0.7736829921026146	0.024931004417732695
0.7842023736308833	0.011364395569569032
0.7948647819399742	0.009706488542298039
0.8056721616936469	0.019353704143848332
0.8166264839962838	0.01917042278119059
0.8277297467523895	0.008110668511317915
0.8389839750309798	0.01028813251633627
0.8503912214349229	0.017410178097381244
0.8619535664753032	0.010464652574217878
0.8736731189508772	0.006065781032174096
0.8855520163326847	0.016242195039689704
0.8975924251538929	0.015136090607682928
0.9097965414049393	-5.697673123926371e-5
0.9221665909340475	0.006409405276140447
0.9347048298531879	0.019711851704521652
0.9474135449495604	0.010014451366493921
0.9602950541026688	-0.0014599240849216997
0.9733517067070673	0.007124837530385945
0.9865858841008558	0.015971884140961273
1.0	0.005509366857609061
1.0135965009385568	0.0024461931130179155
1.0273778667148858	0.009288629185150107
1.0413466108439275	0.005469756257299178
1.0555052810156298	0.0067283001633555726
1.0698564595596107	0.007833429871481725
1.084402763916134	0.0024248852070536406
1.0991468471134935	0.005514279566691816
1.1140913982518839	0.007256814687716711
1.1292391429938538	0.004664316023384841
1.1445928440614248	0.004344944187437581
1.1601553017399715	0.003442029835405075
1.1759293543889509	0.005475527920602458
1.1919178789595768	0.00604649852903799
1.2081237915195333	0.0020448539315101244
1.2245500477848215	0.0029626612502985103
1.2411996436588377	0.0068282868700460415
1.2580756157787816	0.00305936193874835
1.2751810420694933	0.0011330147004264951
1.292519042304821	0.005935417375774201
1.3100927786766212	0.003583897409083495
1.3279054563714945	0.0015539300277914783
1.345960324155365	0.0038320228373568393
1.3642606749660036	0.004053899405775977
1.3828098465136152	0.002126441629038781
1.401611221889583	0.002139807243522867
1.4206682301834967	0.004669743260949392
1.4399843471085647	0.0015317426255167278
1.4595630956355334	0.0022115167032350177
1.479408046635225	0.004135147518450335
1.4995228195298094	0.0011369649716345403
1.519911082952934	0.0028709220933800625
1.5405765554188264	0.002931542641965334
1.5615230060004972	0.0013563248244239507
1.5827542550171614	0.003077890868996696
1.604274174731007	0.002027661383572638
1.6260866900534396	0.0017607520427674972
1.648195779260926	0.0027922208317029988
1.6706054747205727	0.00158720238202113
1.693319863625569	0.002190946321078749
1.7163430887406315	0.0020927980137450566
1.7396793491575788	0.00178677465737299
1.7633329010611878	0.0020746669300387424
1.7873080585054544	0.001759382136118581
1.8116091942004142	0.001966137057495358
1.8362407403096586	0.0017165416493582135
1.861207189258695	0.0018766414689143235
1.8865130945542996	0.0016984322190701146
1.912163071615007	0.0017608926624308552
1.9381617986128943	0.0017295557270388957
1.9645140173268099	0.001606286121552168
1.9912245340072017	0.0017708072924070245
2.018298220252708	0.001526477071643045
2.0457400138986617	0.0016896637039525038
2.073554919917678	0.0015694022594403432
2.101748011332488	0.0015612028761153108
2.1303244301411803	0.0015930605896666877
2.1592893882550257	0.001501363069144613
2.188648168449051	0.0015536075825802204
2.218406125325539	0.0014905384147836543
2.2485686862906284	0.0014982468855459028
2.2791413525441886	0.0014803850950557333
2.3101297000831593	0.001460630818775521
2.341539380718528	0.0014562185387981847
2.3733761231061363	0.0014373943398638823
2.4056457337914976	0.0014294260332696606
2.438354098268829	0.0014175400795161045
2.4715071820544754	0.0014056224785256625
2.5051110317749288	0.0013986055014868508
2.539171776269646	0.0013855461891306424
2.573695627708853	0.0013797295383287669
2.6086888827265566	0.0013691245145422387
2.644157923568951	0.0013614826911989896
2.680109219258449	0.0013545547044787917
2.716549326773531	0.0013456431374070067
2.7534848922446433	0.0013402494781924743
2.7909226521663504	0.001332381568084433
2.8288694346259695	0.0013266938506666989
2.8673321605489166	0.0013205503615575833
2.906317844960974	0.001314624939131989
2.9458335982677304	0.001309542207043174
2.98588662755141	0.001304016193800793
3.026484237885337	0.0012993668192227345
3.0676338336662727	0.0012945678453156403
3.109342919964865	0.0012901395856911113
3.1516191038944625	0.0012859493880164048
3.194470095998537	0.0012819228101620163
3.2379037116569735	0.0012780894174542047
3.2819278725114738	0.0012744858741628757
3.3265506079103524	0.0012710302815259456
3.371780056372962	0.001267748611817408
3.4176244670740448	0.0012646211034671724
3.464092201348252	0.0012616940963191391
3.5111917342151306	0.001258832325626666
3.55893165592484	0.0012561846626652827
3.607320673524882	0.001253634241005827
3.656367612448139	0.001251197126998515
3.706081418122499	0.001248923062481133
3.7564711576023693	0.0012467109144748629
3.807546021222372	0.0012446439693491371
3.8593153242735205	0.0012426697388556612
3.9117885087021924	0.0012407782543484177
3.9649751448321977	0.001239000454959428
4.018884933110264	0.001237303209626203
4.073527705875249	0.0012356771808343203
4.128913429151419	0.0012341558501378323
4.185052204466096	0.001232684079027629
4.241954270692031	0.0012313036717122618
4.299630005914811	0.0012299815396677825
4.358089929325679	0.001228727675909784
4.417344703140071	0.001227532529607107
4.477405134542244	0.0012264055244629824
4.538282177656347	0.001225318570834148
4.599986935544288	0.001224301178318317
4.662530662230765	0.0012233236653906002
4.725924764755836	0.0012223957922504474
4.790180805255388	0.0012215187344033769
4.8553105030699	0.0012206787573237157
4.921325736881874	0.0012198823292749867
4.988238546882333	0.0012191290640263294
5.056061136966764	0.001218403215726562
5.124805876960934	0.0012177251838630932
5.194485304876955	0.0012170712970806996
5.265112129200035	0.001216451609691343
5.3366992312063095	0.0012158673341214944
5.409259667312202	0.0012153048960355036
5.482806671455711	0.0012147730954573123
5.557353657510084	0.0012142712955350793
5.632914221730313	0.001213784830594721
5.709502145232879	0.0012133326250484459
5.7871313965092295	0.0012128960552700526
5.86581613397342	0.0012124812174639373
5.945570708544392	0.0012120915559139704
6.026409666263372	0.001211715036942962
6.10834775094685	0.0012113598851207186
6.19139990687563	0.0012110245429006916
6.275581281520446	0.0012106987412529146
6.360907228304629	0.0012103969215394735
6.447393309404346	0.0012101046096065187
6.535055298586907	0.001209826975995432
6.623909184087665	0.0012095667276163622
6.713971171526029	0.0012093141894576125
6.805257686861126	0.0012090766164782431
6.8977853793876545	0.0012088523258931025
6.991571124772462	0.0012086336123693817
7.086632028132419	0.0012084319090181488
7.1829854271541285	0.0012082357460410698
7.28064889525607	0.0012080493913206839
7.379640244793722	0.0012078753664532108
7.479977530308276	0.001207705470523573
7.581679051819497	0.0012075461406877523
7.684763358163398	0.001207395746590687
7.789249250375254	0.0012072483500512132
7.895155785118634	0.0012071131069265788
8.002502278161053	0.0012069810737392198
8.111308307896874	0.001206855481027313
8.221593718918117	0.0012067385693325574
8.33337862563382	0.0012066237606853107
8.446683415938601	0.0012065164057589344
8.561528754931102	0.0012064150062620778
8.677935588683004	0.0012063150731453573
8.795925148059268	0.0012062239082494038
8.915518952590332	0.0012061343569799905
9.03673881439695	0.0012060491266946572
9.15960684216839	0.0012059699970802602
9.284145445194744	0.0012058917421776528
9.410377337454033	0.00120581876226704
9.5383255417549	0.0012057497323851312
9.668013393935633	0.0012056812662171786
9.79946454712026	0.0012056191486514367
9.932702976032536	0.0012055576837081247
10.067752981368567	0.0012054990744347755
10.204639194228903	0.0012054448137608748
10.343386580610872	0.001205390649727786
10.484020445962004	0.0012053402446236838
10.626566439795377	0.0012052924769899625
10.77105056036769	0.0012052446916111224
10.917499159420974	0.0012052015217396234
11.065938946988735	0.001205158436182891
11.21639699626748	0.001205117226324902
11.368900748554458	0.001205079111787097
11.523478018252538	0.0012050406590848452
11.680156997943147	0.0012050048813370916
11.838966263528174	0.0012049708311420097
11.999934779441778	0.001204936437629545
12.163091903933081	0.0012049054297554333
12.32846739442066	0.0012048741539967458
12.496091412919867	0.0012048440859789011
12.665994531543925	0.0012048162075779666
12.838207738079818	0.0012047877549661652
13.012762441640009	0.001204761207738309
13.189690478390984	0.0012047357469613367
13.369024117359704	0.001204709783361885
13.550796066318973	0.0012046862776921873
13.73503947775287	0.0012046623018106134
13.921787954903255	0.0012046390870478411
14.111075557898486	0.0012046173932539369
14.3029368099655	0.001204595007735622
14.497406703726316	0.0012045739565300878
14.69452070758017	0.0012045535429769528
14.894314772172429	0.0012045325353970348
15.096825336951431	0.001204513302503288
15.302089336814522	0.0012044934850498458
15.51014420884441	0.0012044740981072592
15.721027899137114	0.0012044557375514816
15.934778869722813	0.0012044366275052575
16.151436105580693	0.0012044184280031317
16.371039121749263	0.0012044005392798825
16.593627970533277	0.0012043820053328047
16.819243248808696	0.0012043647227203806
17.047926105426942	0.0012043467831459808
17.279718248719828	0.0012043290287932712
17.514661954106543	0.0012043119213779375
17.75280007180406	0.0012042940345658923
17.994176034642354	0.0012042767205910504
18.23883386598593	0.0012042594718157827
18.48681818776299	0.0012042415451103063
18.73817422860384	0.0012042244512539353
18.992947832089893	0.0012042066503828264
19.251185465114865	0.0012041888403369352
19.512934226359633	0.00120417136847818
19.77824185488233	0.0012041530942849203
20.047156738825244	0.0012041351195283307
20.319727924240077	0.0012041170063792973
20.596005124033237	0.001204098176523697
20.876038727032675	0.0012040798382050898
21.15987980717813	0.0012040607440420902
21.447580132836176	0.0012040414659212518
21.739192176242057	0.0012040222680218152
22.0347691230698	0.0012040022362369372
22.3343648821325	0.00120398225988626
22.63803409521449	0.0012039619692904798
22.94583214703715	0.0012039409122698748
23.257815175360314	0.0012039200494939754
23.574040081220883	0.0012038983678803426
23.89456453931078	0.0012038763382592962
24.219447008495926	0.001203854156486817
24.548746742478272	0.0012038310860412967
24.882523800602772	0.0012038078462256769
25.220839058811332	0.0012037841210849366
25.56375422074565	0.0012037595547175395
25.911331829001057	0.0012037349103965432
26.26363527653333	0.0012037093612822444
26.620728818220627	0.0012036832945031663
26.98267758258263	0.0012036568507325692
27.349547583658996	0.0012036294357277127
27.721405733049316	0.00120360162739011
28.09831985211684	0.001203573152598461
28.480358684358023	0.001203543730954754
28.86759190794033	0.0012035139656270185
29.260090148410516	0.001203483180149337
29.65792499157564	0.001203451689901451
30.061168996559246	0.0012034195894354877
30.469895709035082	0.0012033863980354716
30.88417967464071	0.0012033525763544758
31.304096452573518	0.0012033178878254364
31.72972262937161	0.0012032821078804886
32.16113583288201	0.0012032457096658132
32.59841474641885	0.0012032081360283811
33.041639123113995	0.0012031696402586575
33.490889800462874	0.0012031302808825214
33.94624871506797	0.0012030896655034146
34.40779891758287	0.00120304815776855
34.87562458785947	0.0012030055498738386
35.34981105030106	0.00120296165776249
35.830444789424284	0.0012029168487707749
36.317613465632604	0.0012028706601701668
36.81140593120422	0.0012028232926444334
37.311912246497435	0.0012027747738610163
37.81922369637629	0.001202724778851095
38.33343280685956	0.001202673590600169
38.854633361996136	0.001202621023723293
39.3829204209698	0.0012025669221827767
39.91839033543663	0.0012025115661314005
40.46114076709807	0.0012024545672186574
41.011270705513	0.0012023960783635792
41.56888048615192	0.0012023361013106756
42.13407180869664	0.0012022743633714598
42.706947755588814	0.0012022110778158992
43.287612810830566	0.0012021460748756043
43.876172879040915	0.0012020792176468322
44.472735304771085	0.0012020107138242114
45.07740889208259	0.0012019402309218995
45.69030392439153	0.0012018678796743927
46.31153218458246	0.0012017936387911368
46.94120697539615	0.0012017172721075322
47.579443140094114	0.0012016389335657062
48.226357083404416	0.001201558464097602
48.882066792752106	0.0012014757367325214
49.546691859778356	0.0012013908967366755
50.22035350215222	0.0012013036536432501
50.90317458567889	0.0012012140791961127
51.595279646708605	0.0012011221293935228
52.29679491485018	0.0012010275938944591
53.00784833599346	0.0012009305739286694
53.72856959564467	0.0012008309142911581
54.45909014257917	0.001200728491304495
55.199543212815705	0.0012006233955912872
55.95006385391666	0.0012005153654297558
56.71078894961876	0.0012004044356517076
57.481857244798555	0.001200290539714468
58.263409370777445	0.0012001734822434489
59.05558787097075	0.0012000533164492086
59.85853722688543	0.0011999298853721887
60.672403884471414	0.0011998030615184723
61.497336280831135	0.0011996728859172872
62.33348487129219	0.0011995391144372556
63.181002156848244	0.0011994017455275862
64.0400427119728	0.0011992606886515765
64.91076321281136	0.0011991157538243495
65.79332246575679	0.0011989669488129825
66.68788143641322	0.0011988141090649156
67.5946032789538	0.0011986570967842081
68.51365336587746	0.0011984959060098671
69.44519931817058	0.001198330299724292
70.38941103587835	0.0011981602392020449
71.34646072909214	0.0011979856076215038
72.31652294935799	0.001197806211307145
73.2997746215121	0.0011976220133193302
74.2963950759495	0.0011974328352901788
75.30656608133104	0.001197238522372691
76.33047187773536	0.0011970390223833376
77.36829921026147	0.0011968340955894607
78.42023736308835	0.001196623664070584
79.48647819399741	0.001196407580961157
80.5672161693647	0.0011961856401784992
81.66264839962837	0.0011959577592515998
82.77297467523896	0.0011957237391001416
83.898397503098	0.0011954834008139094
85.03912214349228	0.0011952366451070994
86.19535664753033	0.0011949832198419055
87.36731189508771	0.001194723004321389
88.55520163326847	0.0011944558170770851
89.75924251538929	0.001194181430798734
90.97965414049393	0.001193899714771705
92.21665909340474	0.0011936104420037766
93.47048298531881	0.0011933134022814292
94.74135449495606	0.0011930084461970725
96.02950541026686	0.0011926952993043178
97.33517067070672	0.0011923737938255232
98.65858841008557	0.0011920437078136131
100.0	0.0011917047835253254
