# mean mock P(k) for p=1.0, NGC Pk*A/Q0(0)
3.425076835192870931e+04
4.204524896874999831e+04
4.764554675000000134e+04
4.884282807812499959e+04
4.576294072265624709e+04
4.107678826171874971e+04
3.595219155078125186e+04
3.162204416210937416e+04
2.816343839648437643e+04
2.517887758398437654e+04
2.298021544335937506e+04
2.126581406640624846e+04
1.996512610351562398e+04
1.855103480175781078e+04
1.718709227832031320e+04
1.576776354687499952e+04
1.415798211035156237e+04
1.265879845214843772e+04
1.134092608593750083e+04
1.028968355273437555e+04
9.378209977539063402e+03
8.702586094238280566e+03
8.110222145019531126e+03
7.628438772949219128e+03
7.252011685058593685e+03
6.865989384765624891e+03
6.421333280761718925e+03
5.974259599609375073e+03
5.582992743164062631e+03
5.106184263183593430e+03
4.711964583251952718e+03
4.364261801513672253e+03
4.038736923095703332e+03
3.778247336669921879e+03
3.586282553710937464e+03
3.378551024902343670e+03
3.206009523925781195e+03
3.006107731933593641e+03
2.862977337646484557e+03
2.683027445556640487e+03
2.541128057128906221e+03
2.356608226318359357e+03
2.226877714477539030e+03
2.094096336791992144e+03
1.949371822265625042e+03
