# W_ric(k) for p=1.0, NGC Pk*A/Q0(0)
2.825525770352700916e-01
4.605533432531469518e-02
1.201366219826724424e-02
8.371891304127436137e-03
6.142952354326065151e-03
3.766593328933959435e-03
-4.046465336320261962e-04
-8.766595681167897334e-04
2.181616166145070295e-03
1.958497218721117188e-03
8.076201549108477087e-04
1.085502288869119288e-03
2.798102767782522683e-03
-4.229233098264649558e-04
-8.748537078153052629e-05
3.208312884380972591e-03
-8.427755370477064707e-04
5.083700887183876301e-04
4.561759743967164324e-04
1.097678523401793846e-03
1.178639509572429814e-03
4.362098987715816271e-03
2.927899821255469095e-04
-5.243864019374338929e-03
1.158137496863191271e-03
6.073300789352346381e-06
9.101921232102028799e-04
-8.028591140976236613e-04
6.788925793233212096e-03
-8.700393142331120473e-04
-1.295844137154795539e-03
5.630796151175967122e-03
6.525605434354488435e-03
-9.656405814590600769e-04
1.557460973454992273e-03
6.417186923396342967e-04
5.538494788771781974e-03
1.615949979090609140e-03
-4.862132716947346238e-04
-8.426636625096739497e-03
-3.213039760232795986e-03
-7.667031737262511824e-03
5.186984976724767424e-04
-2.248022908677465431e-03
-5.495007667599291490e-03
