0.0001	5.433035861245325e8
0.00010135965009385569	5.432224726367489e8
0.00010273778667148859	5.43139131544923e8
0.00010413466108439276	5.430534964118124e8
0.000105550528101563	5.429655037975395e8
0.00010698564595596108	5.428750927218733e8
0.00010844027639161341	5.427821910123839e8
0.00010991468471134935	5.426867327098386e8
0.00011140913982518839	5.42588648594062e8
0.00011292391429938538	5.424878607533889e8
0.00011445928440614249	5.42384300705102e8
0.00011601553017399716	5.42277887569602e8
0.00011759293543889508	5.421685425799097e8
0.00011919178789595767	5.420561878531632e8
0.00012081237915195332	5.419407357346257e8
0.00012245500477848215	5.418221029201663e8
0.00012411996436588376	5.417002024082234e8
0.00012580756157787814	5.415749394375367e8
0.00012751810420694932	5.414462260279465e8
0.00012925190423048212	5.413139630471116e8
0.0001310092778676621	5.411780524252179e8
0.00013279054563714946	5.410383955649209e8
0.0001345960324155364	5.408948851527028e8
0.0001364260674966003	5.40747416350456e8
0.00013828098465136146	5.40595880152081e8
0.00014016112218895825	5.40440160369577e8
0.0001420668230183496	5.402801451418679e8
0.0001439984347108564	5.401157122932681e8
0.00014595630956355327	5.399467396317067e8
0.00014794080466352241	5.397731030695405e8
0.00014995228195298086	5.395946703555855e8
0.0001519911082952933	5.394113100019842e8
0.00015405765554188258	5.392228857527035e8
0.00015615230060004966	5.390292542656473e8
0.00015827542550171604	5.388302743551661e8
0.00016042741747310062	5.386257949504553e8
0.00016260866900534387	5.384156637102805e8
0.0001648195779260925	5.381997250864921e8
0.00016706054747205718	5.379778155070252e8
0.00016933198636255684	5.377497704537231e8
0.00017163430887406304	5.375154198533707e8
0.00017396793491575782	5.372745863379811e8
0.0001763332901061187	5.370270925865362e8
0.00017873080585054536	5.367727514182603e8
0.00018116091942004133	5.365113730559338e8
0.00018362407403096575	5.362427630820057e8
0.00018612071892586943	5.359667188396708e8
0.00018865130945542986	5.356830349831453e8
0.0001912163071615006	5.3539149960924065e8
0.00019381617986128936	5.350918929947227e8
0.00019645140173268086	5.347839933603037e8
0.00019912245340072008	5.344675687425993e8
0.0002018298220252707	5.341423830814087e8
0.00020457400138986607	5.338081941577094e8
0.0002073554919917677	5.334647509323178e8
0.00021017480113324873	5.3311179784764355e8
0.00021303244301411792	5.327490716069059e8
0.00021592893882550244	5.3237630022177875e8
0.000218864816844905	5.319932075525058e8
0.0002218406125325538	5.3159950659874433e8
0.00022485686862906272	5.3119490460828525e8
0.00022791413525441874	5.3077910104844093e8
0.0002310129700083158	5.303517856521415e8
0.00023415393807185266	5.2991264174159926e8
0.00023733761231061343	5.2946134352214366e8
0.0002405645733791495	5.289975553810746e8
0.00024383540982688266	5.2852093543876636e8
0.0002471507182054473	5.2803113000706804e8
0.0002505111031774927	5.2752777788412696e8
0.00025391717762696434	5.270105083886763e8
0.0002573695627708851	5.2647893997029597e8
0.00026086888827265534	5.2593268274943274e8
0.0002644157923568948	5.253713362574148e8
0.0002680109219258446	5.2479448893233144e8
0.00027165493267735286	5.2420172089452654e8
0.0002753484892244641	5.235925993788501e8
0.0002790922652166347	5.229666823650153e8
0.00028288694346259666	5.223235167170507e8
0.0002867332160548913	5.2166263725488204e8
0.0002906317844960971	5.209835686938989e8
0.00029458335982677277	5.2028582378838587e8
0.0002985886627551407	5.195689030086171e8
0.00030264842378853343	5.188322967335207e8
0.00030676338336662695	5.180754815238763e8
0.0003109342919964862	5.172979232389934e8
0.00031516191038944655	5.1649907533895165e8
0.00031944700959985405	5.156783783667541e8
0.00032379037116569764	5.1483526146614766e8
0.0003281927872511478	5.139691409254598e8
0.00033265506079103557	5.130794200593374e8
0.00033717800563729655	5.1216549101044416e8
0.00034176244670740486	5.1122673179261786e8
0.00034640922013482557	5.1026250905877423e8
0.0003511191734215135	5.0927217665084064e8
0.0003558931655924844	5.0825507549670565e8
0.00036073206735248855	5.0721053489572626e8
0.0003656367612448142	5.061378715054838e8
0.00037060814181225023	5.0503638949689686e8
0.00037564711576023734	5.039053821688148e8
0.00038075460212223756	5.0274412975302404e8
0.0003859315324273524	5.0155190202123076e8
0.00039117885087021966	5.003279572006679e8
0.0003964975144832202	4.990715423444549e8
0.0004018884933110268	4.977818945912865e8
0.00040735277058752536	4.964582406816448e8
0.00041289134291514233	4.9509979749681014e8
0.00041850522044661014	4.9370577370310473e8
0.00042419542706920334	4.9227536836253613e8
0.0004299630005914814	4.908077735829414e8
0.00043580899293256813	4.893021739397301e8
0.0004417344703140073	4.877577474135043e8
0.00044774051345422463	4.861736668322192e8
0.00045382821776563493	4.8454910002318406e8
0.000459998693554429	4.828832108589268e8
0.0004662530662230768	4.811751611327062e8
0.00047259247647558385	4.794241100294765e8
0.00047901808052553904	4.776292169987399e8
0.00048553105030699017	4.757896417980129e8
0.0004921325736881877	4.7390454606966245e8
0.0004988238546882336	4.7197309511776197e8
0.0005056061136966767	4.699944587534063e8
0.0005124805876960937	4.6796781290747e8
0.0005194485304876958	4.6589234184564453e8
0.0005265112129200037	4.6376723847373503e8
0.0005336699231206312	4.615917074946026e8
0.0005409259667312205	4.5936496606199336e8
0.0005482806671455713	4.57086245935115e8
0.0005557353657510086	4.5475479557289076e8
0.0005632914221730315	4.5236988155830926e8
0.0005709502145232881	4.499307906469101e8
0.0005787131396509233	4.474368322068396e8
0.0005865816133973423	4.4488733911388993e8
0.0005945570708544394	4.422816709994338e8
0.0006026409666263374	4.3961921523877764e8
0.0006108347750946853	4.368993893496677e8
0.0006191399906875633	4.341216430855199e8
0.0006275581281520449	4.312854600242132e8
0.0006360907228304632	4.283903596099949e8
0.0006447393309404349	4.2543589937617326e8
0.000653505529858691	4.224216758727421e8
0.0006623909184087668	4.193473274864257e8
0.0006713971171526032	4.162125351745437e8
0.000680525768686113	4.130170244791762e8
0.0006897785379387658	4.0976056701360095e8
0.0006991571124772466	4.064429815505273e8
0.0007086632028132422	4.0306413539767474e8
0.0007182985427154132	3.996239457778137e8
0.0007280648895256074	3.961223801159843e8
0.0007379640244793725	3.925594578465857e8
0.0007479977530308276	3.8893525031524855e8
0.0007581679051819496	3.8524988187987804e8
0.0007684763358163397	3.81503530368674e8
0.0007789249250375254	3.776964273005504e8
0.0007895155785118634	3.7382885834670144e8
0.0008002502278161051	3.699011637736116e8
0.0008111308307896872	3.65913738093821e8
0.0008221593718918117	3.6186703108348143e8
0.000833337862563382	3.5776154723494714e8
0.0008446683415938601	3.5359784653007424e8
0.0008561528754931103	3.493765447054079e8
0.0008677935588683004	3.450983136490931e8
0.0008795925148059268	3.4076388225070906e8
0.0008915518952590332	3.3637403748461825e8
0.0009036738814396948	3.319296252186141e8
0.000915960684216839	3.274315525316913e8
0.0009284145445194745	3.228807890235422e8
0.0009410377337454033	3.182783697862677e8
0.0009538325541754903	3.1362539821509814e8
0.0009668013393935633	3.089230494482416e8
0.000979946454712026	3.0417257457897705e8
0.0009932702976032535	2.993753054039892e8
0.0010067752981368567	2.9453265934051067e8
0.0010204639194228906	2.8964614589897895e8
0.001034338658061087	2.847173724485485e8
0.0010484020445962004	2.7974805163799614e8
0.0010626566439795376	2.74740008543098e8
0.001077105056036769	2.69695188310905e8
0.0010917499159420975	2.646156641485091e8
0.0011065938946988735	2.5950364526196373e8
0.001121639699626748	2.5436148433424553e8
0.0011368900748554458	2.491916854465326e8
0.0011523478018252537	2.4399691025696567e8
0.0011680156997943148	2.3877998440034992e8
0.0011838966263528175	2.3354390199699548e8
0.0011999934779441778	2.2829182894186792e8
0.001216309190393308	2.2302710453509492e8
0.0012328467394420659	2.177532409436688e8
0.0012496091412919868	2.1247392010771555e8
0.0012665994531543925	2.0719298872443512e8
0.0012838207738079819	2.019144494000584e8
0.0013012762441640007	1.966424498729653e8
0.0013189690478390985	1.913812684201764e8
0.0013369024117359702	1.861352964831727e8
0.0013550796066318972	1.8090901836579424e8
0.0013735039477752872	1.757069880122378e8
0.0013921787954903255	1.7053380316757917e8
0.0014111075557898486	1.653940780460174e8
0.00143029368099655	1.6029241357788694e8
0.0014497406703726315	1.552333678169104e8
0.0014694520707580173	1.5022142551120415e8
0.0014894314772172428	1.4526096879293102e8
0.001509682533695143	1.403562495690465e8
0.0015302089336814522	1.355113643746355e8
0.00155101442088444	1.3073023265589195e8
0.0015721027899137107	1.2601657983926432e8
0.0015934778869722804	1.2137392459432308e8
0.0016151436105580686	1.1680557259825848e8
0.0016371039121749254	1.123146153593876e8
0.001659362797053327	1.079039352641443e8
0.001681924324880869	1.0357621613414547e8
0.0017047926105426933	9.933395849395937e7
0.001727971824871982	9.517949865635477e7
0.0017514661954106535	9.1115030647814e7
0.001775280007180405	8.714262817263314e7
0.0017994176034642347	8.32642663859685e7
0.001823883386598592	7.948183974104336e7
0.001848681818776298	7.57971750792166e7
0.0018738174228603833	7.221203760802895e7
0.0018992947832089885	6.87281280887484e7
0.0019251185465114858	6.5347070331520125e7
0.0019512934226359625	6.207038883918446e7
0.001977824185488232	5.889947597908525e7
0.0020047156738825234	5.5835551524326704e7
0.0020319727924240066	5.287961509746724e7
0.0020596005124033216	5.0032395883221544e7
0.0020876038727032655	4.72943029746971e7
0.0021159879807178105	4.4665380728650495e7
0.002144758013283615	4.214527404391093e7
0.0021739192176242032	3.973320824877846e7
0.0022034769123069776	3.742798662351643e7
0.002233436488213248	3.522800981759518e7
0.0022638034095214463	3.3131316692395113e7
0.0022945832147037134	3.1135647110258736e7
0.002325781517536029	2.923852308720302e7
0.002357404008122086	2.743734301802783e7
0.0023894564539310753	2.572948193916843e7
0.0024219447008495903	2.4112389027548637e7
0.002454874674247825	2.2583671896178976e7
0.0024882523800602743	2.114115959970928e7
0.00252208390588113	1.9782934545020543e7
0.0025563754220745624	1.850732905428904e7
0.002591133182900103	1.7312883962559976e7
0.00262636352765333	1.619827172048703e7
0.00266207288182206	1.5162191567463644e7
0.0026982677582582603	1.420324852640181e7
0.002734954758365897	1.3319830857281044e7
0.0027721405733049293	1.2510004448527284e7
0.0028098319852116814	1.1771439181306928e7
0.002848035868435799	1.1101382311428638e7
0.00288675919079403	1.049668611837265e7
0.0029260090148410488	9.953890016022943e6
0.0029657924991575613	9.46934862424876e6
0.003006116899655922	9.039387998375231e6
0.003046989570903505	8.66046464655786e6
0.0030884179674640676	8.3293001144059375e6
0.003130409645257355	8.042961955700593e6
0.003172972262937164	7.798871499480672e6
0.0032161135832882042	7.594728144329314e6
0.0032598414746418877	7.428356168253493e6
0.003304163912311403	7.297497066516645e6
0.0033490889800462903	7.199584593073561e6
0.003394624871506801	7.131548538921449e6
0.003440779891758291	7.089695497960293e6
0.0034875624587859507	7.069701970092814e6
0.003534981105030109	7.06673845768919e6
0.0035830444789424322	7.075713624392859e6
0.003631761346563264	7.09159961215929e6
0.0036811405931204254	7.109776046365372e6
0.003731191224649747	7.1263178502586745e6
0.003781922369637633	7.138157610859396e6
0.00383334328068596	7.143079660736249e6
0.0038854633361996176	7.139540447733779e6
0.003938292042096984	7.126360507840659e6
0.003991839033543667	7.102372197369527e6
0.004046114076709811	7.066130674732024e6
0.004101127070551305	7.015788398374937e6
0.004156888048615196	6.949192289092575e6
0.004213407180869668	6.864196899257202e6
0.004270694775558886	6.759114340619055e6
0.004328761281083062	6.633160280084256e6
0.004387617287904096	6.486739880238527e6
0.004447273530477113	6.321448958706364e6
0.004507740889208263	6.13975211500918e6
0.004569030392439155	5.944413047766953e6
0.004631153218458249	5.737853820764771e6
0.004694120697539618	5.521669426343949e6
0.004757944314009414	5.296491672258769e6
0.004822635708340444	5.062275421693307e6
0.004888206679275213	4.818917474499878e6
0.004954669185977838	4.56696357380916e6
0.005022035350215225	4.308095167491087e6
0.005090317458567892	4.045153852188669e6
0.005159527964670863	3.781649494114885e6
0.00522967949148502	3.520940817854469e6
0.005300784833599349	3.2654619452613755e6
0.00537285695956447	3.0163848910381272e6
0.00544590901425792	2.7739291493136724e6
0.005519954321281573	2.538201739345975e6
0.0055950063853916696	2.310142760737181e6
0.0056710788949618784	2.0920342850351082e6
0.0057481857244798575	1.887207673482112e6
0.005826340937077747	1.6990080270374548e6
0.005905558787097077	1.529528789546668e6
0.0059858537226885455	1.3788323772466215e6
0.006067240388447145	1.2451621038256802e6
0.006149733628083117	1.1260755014871198e6
0.006233348487129224	1.019827115414673e6
0.006318100215684829	926100.8558884284
0.006404004271197283	845562.4958923326
0.006491076321281139	778508.7458842976
0.006579332246575682	723599.8847900275
0.006668788143641326	677713.4429319317
0.006759460327895383	637205.0114821263
0.00685136533658775	599755.3941121371
0.006944519931817061	565389.6645686366
0.007038941103587838	535755.5151037114
0.007134646072909218	512105.70492267323
0.007231652294935799	493599.4226727695
0.00732997746215121	477427.0557683137
0.0074296395075949505	460756.9746068006
0.007530656608133104	442810.4367705426
0.007633047187773535	425082.6432789597
0.0077368299210261475	409378.69345935324
0.007842023736308833	395534.9040795899
0.007948647819399742	381226.06292419275
0.008056721616936468	364277.7832348778
0.008166264839962837	345170.8153783065
0.008277297467523896	326902.8632763452
0.008389839750309798	312054.83865432144
0.008503912214349228	300138.75451229245
0.008619535664753031	288306.9220791736
0.00873673118950877	274742.28535575076
0.008855520163326847	260678.4796803518
0.008975924251538928	248434.48170753274
0.009097965414049395	237902.1637423058
0.009221665909340473	226275.68035808683
0.00934704829853188	211778.2706096673
0.009474135449495606	196452.98043170208
0.009602950541026688	183828.81298530268
0.009733517067070672	174351.5360528491
0.009865858841008558	165107.7306314225
0.01	154422.44381396254
0.010135965009385569	144374.30776150845
0.01027377866714886	137130.78164947758
0.010413466108439273	130973.03312500517
0.010555052810156298	122934.50844177297
0.010698564595596108	114044.43403931396
0.010844027639161341	107994.0398049846
0.010991468471134934	104941.4721478827
0.01114091398251884	101286.70319283383
0.011292391429938537	96053.61461616967
0.01144592844061425	92068.14992719413
0.011601553017399716	89613.11117352864
0.011759293543889507	85238.49126414375
0.011919178789595768	78736.33479615544
0.012081237915195333	74100.20065621196
0.012245500477848215	71712.39530047856
0.012411996436588378	67878.33509656017
0.012580756157787814	62905.119848946466
0.012751810420694934	59981.446423593174
0.01292519042304821	57432.589865156966
0.013100927786766213	52694.458511394674
0.013279054563714945	49093.93050929713
0.013459603241553642	48545.19421167047
0.01364260674966003	47136.043653469795
0.013828098465136145	44662.89367210471
0.014016112218895826	44241.072042994565
0.014206682301834963	43290.89581937967
0.01439984347108564	40351.434331462246
0.014595630956355327	39588.96965106368
0.014794080466352243	39786.90713953986
0.014995228195298086	37720.59308726223
0.01519911082952933	36612.79522858504
0.015405765554188258	35910.52087142306
0.015615230060004965	32876.3524046351
0.015827542550171603	31587.583891655333
0.01604274174731006	31196.110232830084
0.01626086690053439	28577.233886128146
0.016481957792609254	27498.08023383694
0.01670605474720572	25844.808016688334
0.016933198636255684	22911.069633033854
0.017163430887406305	22610.556754675785
0.01739679349157578	20745.137328342953
0.01763332901061187	18954.041163409645
0.017873080585054556	18158.988449022523
0.018116091942004153	15706.113174997965
0.018362407403096595	15649.418194119648
0.01861207189258696	14761.321274593947
0.018865130945543006	13882.051232619022
0.01912163071615008	13640.933055166324
0.019381617986128953	12443.095739681645
0.019645140173268107	12832.31425666002
0.019912245340072025	12151.978495729389
0.02018298220252709	11722.579598708759
0.02045740013898663	11044.181073175818
0.020735549199176792	10429.584149151233
0.021017480113324893	10297.423396750517
0.021303244301411815	9494.632480755901
0.021592893882550267	8997.97806880247
0.021886481684490523	8420.128553740024
0.022184061253255404	8261.570076807804
0.022485686862906296	7821.108998069299
0.022791413525441895	7315.025682133914
0.023101297000831602	7035.438262690187
0.023415393807185294	6868.233042809832
0.023733761231061367	6569.683037062054
0.024056457337914977	6158.073111663639
0.02438354098268829	6013.762019564637
0.024715071820544752	5860.945245929605
0.02505111031774929	5524.358466705598
0.025391717762696456	5194.384035117482
0.025736956277088534	5046.7850941208035
0.026086888827265564	4771.357649821934
0.02644157923568951	4412.213603354414
0.02680109219258449	4232.043620918675
0.027165493267735312	4075.501549813882
0.027534848922446432	3774.3650392476357
0.0279092265216635	3581.780347961869
0.028288694346259694	3455.070016727804
0.028673321605489164	3180.1059353069836
0.029063178449609737	2967.919211530885
0.029458335982677303	2856.5684308118675
0.0298588662755141	2624.1788978624536
0.030264842378853372	2445.725623447778
0.030676338336662726	2360.317724172875
0.03109342919964865	2169.1399317353535
0.031516191038944624	2052.6435009701
0.031944700959985375	1995.2994805062604
0.03237903711656973	1852.2868543817442
0.03281927872511474	1800.644907980259
0.03326550607910352	1724.4762105356688
0.033717800563729625	1599.2600500192698
0.03417624467074045	1557.7416525140873
0.03464092201348252	1448.9753572949078
0.03511191734215131	1374.8659354851661
0.0355893165592484	1320.8593632390136
0.036073206735248824	1222.857999856273
0.03656367612448139	1178.484385554651
0.03706081418122499	1100.3909801390519
0.037564711576023695	1045.0421868882854
0.038075460212223716	992.169304274193
0.038593153242735205	924.4390464696346
0.03911788508702192	877.665559963659
0.03964975144832198	814.2403065107703
0.04018884933110264	774.2580782546027
0.04073527705875249	729.7183820090817
0.04128913429151419	688.5158970145114
0.04185052204466097	650.9296847267461
0.0424195427069203	610.5251394272211
0.04299630005914809	579.8538128385699
0.043580899293256765	549.3618090160313
0.044173447031400685	524.2706685933686
0.04477405134542242	500.44356287296597
0.04538282177656345	480.3751601739919
0.045999869355442854	460.6739173705269
0.04662530662230763	439.0052796319158
0.04725924764755833	415.40881299906914
0.04790180805255385	393.631637208606
0.04855310503069898	374.8143508954929
0.04921325736881872	357.29386608800826
0.04988238546882331	341.0265956355846
0.05056061136966762	326.214633928678
0.05124805876960931	312.26860853288895
0.05194485304876952	296.9840010484841
0.052651121292000315	282.05436959631487
0.05336699231206307	268.4596194337171
0.054092596673121995	255.5280608119164
0.054828066714557075	242.53003581707796
0.055573536575100814	229.70806393019893
0.056329142217303146	217.51268132907484
0.057095021452328816	206.11764699286903
0.05787131396509233	195.65001085295708
0.058658161339734234	186.85318187665575
0.05945570708544394	179.27084531344585
0.06026409666263375	171.73753871516254
0.06108347750946853	164.90902525745756
0.06191399906875633	159.1033535737065
0.06275581281520448	153.76730727283768
0.06360907228304631	149.27505468907887
0.06447393309404349	145.42856389003734
0.0653505529858691	140.97881986358712
0.06623909184087667	136.51023311024912
0.06713971171526031	132.68870170229803
0.0680525768686113	128.26059830313483
0.06897785379387658	122.97315000936206
0.06991571124772467	117.7330267712614
0.07086632028132422	113.41531356847152
0.07182985427154133	109.88209774146097
0.07280648895256073	106.01630254370544
0.07379640244793725	101.37377927507923
0.07479977530308275	96.59515533035645
0.07581679051819497	92.26096830406395
0.07684763358163398	87.6735006201154
0.07789249250375253	82.24075807759414
0.07895155785118634	76.68711873700289
0.08002502278161053	71.95919696398292
0.08111308307896872	67.56731672178697
0.08221593718918116	62.73442887176138
0.0833337862563382	58.06604930021557
0.084466834159386	54.052086638604905
0.08561528754931101	50.29771200954822
0.08677935588683004	46.67041397283662
0.08795925148059269	43.354401600810476
0.08915518952590333	40.254655908182926
0.09036738814396948	37.583157138294695
0.0915960684216839	35.02766037672748
0.09284145445194746	32.36395250658568
0.09410377337454034	30.003113332316122
0.09538325541754901	27.677040890022116
0.09668013393935633	25.62267888449508
0.09799464547120258	24.17977271204882
0.09932702976032536	23.06126165550849
0.10067752981368568	22.054842579061418
0.10204639194228905	20.96309867114153
0.10343386580610872	19.960018299931857
0.10484020445962006	18.889475196578644
0.10626566439795376	17.630425723961917
0.10771050560367693	16.729320865146924
0.10917499159420974	16.02062500344182
0.11065938946988733	15.160905527888916
0.1121639699626748	14.272261234194463
0.11368900748554459	13.431778575291423
0.11523478018252538	12.614143662303595
0.11680156997943149	11.88620576262864
0.11838966263528175	11.381971981634853
0.11999934779441777	11.117642685541513
0.12163091903933079	11.048969509081429
0.1232846739442066	10.881694197374852
0.12496091412919869	10.51692652393869
0.12665994531543925	10.253278684703925
0.12838207738079818	10.156760881394241
0.13012762441640008	10.125320187769018
0.13189690478390984	10.112278809291688
0.133690241173597	10.019698023981089
0.13550796066318974	9.84725334947174
0.13735039477752872	9.558044461629706
0.13921787954903253	9.124321201464703
0.14111075557898486	8.72972962413168
0.143029368099655	8.491220401842149
0.14497406703726315	8.177816964152923
0.14694520707580172	7.623114474561104
0.1489431477217243	7.01254277855187
0.15096825336951433	6.452065769867512
0.1530208933681452	5.868999040073069
0.155101442088444	5.12036886138848
0.15721027899137108	4.368505950595278
0.15934778869722804	3.858406575927224
0.16151436105580685	3.4520227197380464
0.16371039121749256	3.075993762881319
0.1659362797053327	2.845406838542302
0.16819243248808688	2.6028253850341345
0.1704792610542693	2.2977430054407506
0.1727971824871982	2.1348372726049414
0.17514661954106536	2.033504621820286
0.1775280007180407	2.0050531659620505
0.17994176034642367	2.1129103486213547
0.18238833865985937	2.2622296993460713
0.18486818187763	2.3155716199600644
0.18738174228603852	2.225555742539124
0.18992947832089904	2.25325173282147
0.19251185465114876	2.351083349486108
0.1951293422635964	2.3082258527461126
0.1977824185488234	2.3031855075441454
0.20047156738825253	2.4054626058771373
0.20319727924240086	2.4131178076983524
0.20596005124033237	2.2468751266122604
0.20876038727032678	2.015891148049959
0.21159879807178125	1.7883874884309334
0.21447580132836175	1.5980000005973378
0.2173919217624206	1.386972486556183
0.22034769123069797	1.149937607624185
0.223343648821325	0.9386455944497724
0.22638034095214488	0.760663232939666
0.2294583214703715	0.8084407247227338
0.23257815175360316	0.8843992690806599
0.23574040081220882	0.7634276349345746
0.2389456453931078	0.7176226373350755
0.24219447008495928	0.6446320169502914
0.2454874674247827	0.5733046141026418
0.24882523800602768	0.6924693168830378
0.2522083905881133	0.7890079818525466
0.2556375422074565	0.8302567350689615
0.25911331829001055	0.8045918694516926
0.26263635276533326	0.7952335056284782
0.26620728818220624	0.8192864019655323
0.2698267758258263	0.7283990626593124
0.27349547583658995	0.6681584230324347
0.2772140573304932	0.6051926575065468
0.28098319852116843	0.49736765064641886
0.2848035868435802	0.44073954294552875
0.2886759190794033	0.38148820617254886
0.29260090148410517	0.3391655610804991
0.2965792499157564	0.29725332025184853
0.30061168996559245	0.22961979807168967
0.30469895709035083	0.23601443442025477
0.3088417967464071	0.31541638124880444
0.31304096452573515	0.34574274556419
0.3172972262937161	0.36447023558127395
0.3216113583288201	0.4036628679987349
0.32598414746418847	0.34871950903969257
0.33041639123113997	0.3042268375391282
0.3349088980046287	0.3033722699449028
0.3394624871506797	0.21715671399790396
0.34407798917582877	0.16266914096647758
0.3487562458785947	0.19302404602709125
0.35349811050301055	0.23275730770660152
0.3583044478942429	0.21760823308507576
0.363176134656326	0.13974265040653883
0.3681140593120422	0.12026803277274893
0.3731191224649744	0.14371563148369262
0.3781922369637629	0.15655641979567733
0.38333432806859563	0.16473995023183893
0.3885463336199614	0.17400078301607275
0.393829204209698	0.18065878703324695
0.3991839033543663	0.15608137156670937
0.4046114076709807	0.11331823898523974
0.41011270705513003	0.07583763112786376
0.4156888048615192	0.08664088427312439
0.4213407180869664	0.10191316909186585
0.4270694775558881	0.09321898214112188
0.4328761281083057	0.112309536075915
0.43876172879040914	0.11497515934604617
0.4447273530477108	0.07819897845136466
0.4507740889208259	0.06493077102838371
0.456903039243915	0.06838434881024658
0.46311532184582443	0.05703867365158476
0.4694120697539612	0.07101209141616964
0.47579443140094085	0.08816909726150977
0.48226357083404386	0.08585625817264617
0.4888206679275208	0.07263138066484758
0.49546691859778336	0.03613124621022066
0.5022035350215219	0.025161010310269037
0.5090317458567887	0.04065933455070216
0.5159527964670857	0.052765198188624005
0.5229679491485015	0.049319450559500023
0.5300784833599342	0.03986553129374176
0.5372856959564464	0.06924897716288422
0.5445909014257914	0.06555252198522861
0.5519954321281567	0.016468821083368283
0.5595006385391669	0.014133843654271564
0.5671078894961878	0.02262425054414051
0.5748185724479858	0.01623815844899446
0.5826340937077747	0.04581291515619634
0.5905558787097077	0.06906846561935373
0.5985853722688546	0.02679023793982288
0.6067240388447145	-0.0013495741156431909
0.6149733628083116	0.016923537205427486
0.6233348487129223	0.027345289991507985
0.6318100215684828	0.030411770523625196
0.6404004271197282	0.02261203121263577
0.6491076321281138	0.01481802378543776
0.6579332246575682	0.018276631820636345
0.6668788143641325	0.026858064191988187
0.6759460327895382	0.025698888081758756
0.685136533658775	-0.003874353747691419
0.694451993181706	0.005371490578156724
0.7038941103587839	0.037121039504337726
0.7134646072909216	0.01933225204037361
0.7231652294935799	0.004603392427114484
0.7329977462151209	0.008417615179982572
0.742963950759495	0.010222707453319222
0.7530656608133104	0.015682148283402246
0.7633047187773535	0.01643862501798688
0.7736829921026146	0.00878414716694689
0.7842023736308833	0.00572106161476885
0.7948647819399742	0.007834869603583946
0.8056721616936469	0.009375956929209669
0.8166264839962838	0.01601751609748205
0.8277297467523895	0.008651053566831728
0.8389839750309798	-0.0025614054007932047
0.8503912214349229	0.008989192501535787
0.8619535664753032	0.014167523878388051
0.8736731189508772	0.006170068139825803
0.8855520163326847	0.0028504853163108393
0.8975924251538929	0.004948517694572309
0.9097965414049393	0.007982152985737066
0.9221665909340475	0.005461826074486567
0.9347048298531879	0.006630893206950543
0.9474135449495604	0.004520535900984769
0.9602950541026688	0.0021429002378885154
0.9733517067070673	0.006136749098656062
0.9865858841008558	0.005657313134488081
1.0	0.0035405609179525763
1.0135965009385568	0.003637441256444154
1.0273778667148858	0.004250974612003653
1.0413466108439275	0.0023950453215082278
1.0555052810156298	0.004166212330052754
1.0698564595596107	0.004672385013421885
1.084402763916134	0.0024680973281266585
1.0991468471134935	0.002200799651039709
1.1140913982518839	0.0019282433667170773
1.1292391429938538	0.005333919944761372
1.1445928440614248	0.003644481990593121
1.1601553017399715	-0.0018247676587981568
1.1759293543889509	0.0038060419897278618
1.1919178789595768	0.0059956765880016995
1.2081237915195333	-0.0006655461006032317
1.2245500477848215	0.0005133443420972971
1.2411996436588377	0.004831508013559869
1.2580756157787816	0.002478402331431537
1.2751810420694933	-0.000736524219948067
1.292519042304821	0.00291506567169188
1.3100927786766212	0.003176823862675637
1.3279054563714945	-6.943152298921897e-5
1.345960324155365	0.0020741254560297513
1.3642606749660036	0.002189993884401898
1.3828098465136152	0.0008916363580078614
1.401611221889583	0.0016639104231826892
1.4206682301834967	0.001488462713952034
1.4399843471085647	0.0012227959496070382
1.4595630956355334	0.0014756135176127948
1.479408046635225	0.00109063524991829
1.4995228195298094	0.0013956481676240275
1.519911082952934	0.001141030854506999
1.5405765554188264	0.0009852156220140212
1.5615230060004972	0.0015007389040306283
1.5827542550171614	0.0006506752199776103
1.604274174731007	0.001271897638911741
1.6260866900534396	0.0011423338488773772
1.648195779260926	0.0006397254259683175
1.6706054747205727	0.0012583107799746089
1.693319863625569	0.0008782339005523622
1.7163430887406315	0.0007871274965609495
1.7396793491575788	0.0009789059084737283
1.7633329010611878	0.0009409133368587038
1.7873080585054544	0.0006371220296738821
1.8116091942004142	0.0010023532076113121
1.8362407403096586	0.0007705763848563949
1.861207189258695	0.0006477427232766272
1.8865130945542996	0.0009951248997992948
1.912163071615007	0.0005424753136264327
1.9381617986128943	0.0008314468503869644
1.9645140173268099	0.0007590564994009035
1.9912245340072017	0.0005665339790416565
2.018298220252708	0.0008543332318444102
2.0457400138986617	0.0005634307201851145
2.073554919917678	0.000697851492149856
2.101748011332488	0.0007012738022097772
2.1303244301411803	0.0005580846153445008
2.1592893882550257	0.0007185174852420377
2.188648168449051	0.0005663962584903065
2.218406125325539	0.0006396630200260376
2.2485686862906284	0.0006058396620041371
2.2791413525441886	0.0005824935648477227
2.3101297000831593	0.0006099960135112622
2.341539380718528	0.0005605737423681638
2.3733761231061363	0.0005920846961497433
2.4056457337914976	0.0005553269541555529
2.438354098268829	0.0005671675083964765
2.4715071820544754	0.0005538027357005798
2.5051110317749288	0.0005466534309321109
2.539171776269646	0.0005469239654120367
2.573695627708853	0.0005350054734047419
2.6086888827265566	0.0005346772251019425
2.644157923568951	0.0005280900406768844
2.680109219258449	0.0005230283241825939
2.716549326773531	0.0005204446124919832
2.7534848922446433	0.0005144055929188641
2.7909226521663504	0.0005121672775078085
2.8288694346259695	0.0005073734433285405
2.8673321605489166	0.0005044538259444921
2.906317844960974	0.0005009587628250306
2.9458335982677304	0.0004976950367148572
2.98588662755141	0.0004950602954720933
3.026484237885337	0.0004916168387445855
3.0676338336662727	0.0004896771134120523
3.109342919964865	0.0004863737470306882
3.1516191038944625	0.0004844789960035549
3.194470095998537	0.0004819255543190825
3.2379037116569735	0.00047971564947961025
3.2819278725114738	0.0004777888306903323
3.3265506079103524	0.0004756343472974031
3.371780056372962	0.0004738978488808733
3.4176244670740448	0.0004720201607865007
3.464092201348252	0.0004703787715732659
3.5111917342151306	0.00046875837451895887
3.55893165592484	0.00046722220481245854
3.607320673524882	0.0004657924505250797
3.656367612448139	0.00046440084101778147
3.706081418122499	0.0004631032414927811
3.7564711576023693	0.00046186105102403226
3.807546021222372	0.00046068242993363017
3.8593153242735205	0.0004595683539535108
3.9117885087021924	0.00045850094485171947
3.9649751448321977	0.0004574992951593657
4.018884933110264	0.0004565388392806859
4.073527705875249	0.00045563120997965656
4.128913429151419	0.0004547689469109394
4.185052204466096	0.00045394788592823844
4.241954270692031	0.0004531759535694239
4.299630005914811	0.0004524282465765838
4.358089929325679	0.0004517361876574017
4.417344703140071	0.00045106508347322194
4.477405134542244	0.0004504349358806866
4.538282177656347	0.0004498348279695157
4.599986935544288	0.0004492642585398379
4.662530662230765	0.0004487238427148817
4.725924764755836	0.0004482106434095133
4.790180805255388	0.0004477211966111458
4.8553105030699	0.0004472599121274296
4.921325736881874	0.00044681927896609685
4.988238546882333	0.0004464013855626207
5.056061136966764	0.00044600594311698915
5.124805876960934	0.00044562870629871455
5.194485304876955	0.00044527138892370456
5.265112129200035	0.00044493266895703895
5.3366992312063095	0.00044460950148656316
5.409259667312202	0.00044430443115126385
5.482806671455711	0.0004440129816495328
5.557353657510084	0.0004437378782000318
5.632914221730313	0.0004434757971174499
5.709502145232879	0.00044322660785549414
5.7871313965092295	0.00044299092160338945
5.86581613397342	0.00044276663827303673
5.945570708544392	0.00044255317467452505
6.026409666263372	0.00044235184749578927
6.10834775094685	0.00044215907808755196
6.19139990687563	0.00044197697068975407
6.275581281520446	0.00044180422178946273
6.360907228304629	0.000441639241024799
6.447393309404346	0.00044148350342441777
6.535055298586907	0.00044133533539914834
6.623909184087665	0.00044119413071531737
6.713971171526029	0.0004410609698446516
6.805257686861126	0.0004409337245689578
6.8977853793876545	0.00044081311529006734
6.991571124772462	0.0004406988716943913
7.086632028132419	0.00044058993074694725
7.1829854271541285	0.0004404867030242897
7.28064889525607	0.0004403888347051044
7.379640244793722	0.0004402953538069455
7.479977530308276	0.0004402071962554011
7.581679051819497	0.00044012306786954077
7.684763358163398	0.0004400431545916183
7.789249250375254	0.0004399676769359018
7.895155785118634	0.00043989540545333626
8.002502278161053	0.0004398271141453293
8.111308307896874	0.0004397622945554274
8.221593718918117	0.0004397003253636096
8.33337862563382	0.00043964194861534426
8.446683415938601	0.0004395861715337121
8.561528754931102	0.00043953318339384317
8.677935588683004	0.0004394831088096661
8.795925148059268	0.00043943515265180896
8.915518952590332	0.0004393898393205549
9.03673881439695	0.0004393468010773822
9.15960684216839	0.00043930562216298614
9.284145445194744	0.00043926686004439557
9.410377337454033	0.0004392297570579473
9.5383255417549	0.0004391944792920044
9.668013393935633	0.00043916120740388425
9.79946454712026	0.0004391292240351989
9.932702976032536	0.0004390990357792482
10.067752981368567	0.000439070343495457
10.204639194228903	0.00043904282316524674
10.343386580610872	0.0004390169425009776
10.484020445962004	0.000438992142532977
10.626566439795377	0.0004389685190557982
10.77105056036769	0.00043894624224900754
10.917499159420974	0.0004389247680374968
11.065938946988735	0.0004389045020244873
11.21639699626748	0.0004388852208094175
11.368900748554458	0.0004388666757234314
11.523478018252538	0.0004388492368183961
11.680156997943147	0.0004388324732358076
11.838966263528174	0.00043881646909229454
11.999934779441778	0.00043880139169866103
12.163091903933081	0.00043878677942252775
12.32846739442066	0.00043877298482126185
12.496091412919867	0.0004387598280397983
12.665994531543925	0.00043874711599130604
12.838207738079818	0.00043873516513358323
13.012762441640009	0.0004387236286801157
13.189690478390984	0.00043871257372101634
13.369024117359704	0.0004387021395785837
13.550796066318973	0.0004386919709418948
13.73503947775287	0.00043868235529565046
13.921787954903255	0.00043867314103674326
14.111075557898486	0.0004386641913005051
14.3029368099655	0.0004386557526259213
14.497406703726316	0.0004386475526888983
14.69452070758017	0.0004386396542337703
14.894314772172429	0.0004386321753946777
15.096825336951431	0.0004386248275200233
15.302089336814522	0.00043861784083978363
15.51014420884441	0.000438611104646018
15.721027899137114	0.00043860450944595487
15.934778869722813	0.0004385982518037482
16.151436105580693	0.00043859212521639424
16.371039121749263	0.00043858617296666744
16.593627970533277	0.00043858049399821076
16.819243248808696	0.0004385748598335655
17.047926105426942	0.0004385694567200529
17.279718248719828	0.0004385641968547885
17.514661954106543	0.00043855899736142345
17.75280007180406	0.00043855401511299513
17.994176034642354	0.00043854908232043865
18.23883386598593	0.0004385442392710112
18.48681818776299	0.00043853956650943425
18.73817422860384	0.0004385348798391518
18.992947832089893	0.0004385303336787372
19.251185465114865	0.00043852585353973487
19.512934226359633	0.0004385213748526935
19.77824185488233	0.00043851702627232983
20.047156738825244	0.0004385126725911546
20.319727924240077	0.0004385083459153402
20.596005124033237	0.00043850411185553356
20.876038727032675	0.00043849982265089523
21.15987980717813	0.00043849560391144587
21.447580132836176	0.0004384913949349575
21.739192176242057	0.0004384871451727387
22.0347691230698	0.00043848295662770307
22.3343648821325	0.0004384787202671299
22.63803409521449	0.00043847446510431515
22.94583214703715	0.0004384702422805423
23.257815175360314	0.00043846593152982536
23.574040081220883	0.00043846163517117983
23.89456453931078	0.0004384573027816883
24.219447008495926	0.00043845289410489633
24.548746742478272	0.0004384484911525008
24.882523800602772	0.0004384440069133649
25.220839058811332	0.00043843946276055833
25.56375422074565	0.00043843489836426614
25.911331829001057	0.0004384302182693882
26.26363527653333	0.00043842550498823156
26.620728818220627	0.00043842071531000255
26.98267758258263	0.00043841581816300517
27.349547583658996	0.0004384108781082375
27.721405733049316	0.00043840582300727984
28.09831985211684	0.00043840067119169253
28.480358684358023	0.0004383954526959482
28.86759190794033	0.00043839008926056013
29.260090148410516	0.00043838464768302364
29.65792499157564	0.00043837909073101344
30.061168996559246	0.00043837339294357767
30.469895709035082	0.00043836760540941997
30.88417967464071	0.0004383616686983461
31.304096452573518	0.00043835559656699337
31.72972262937161	0.0004383494119881228
32.16113583288201	0.00043834305072688087
32.59841474641885	0.00043833656490359005
33.041639123113995	0.00043832992276012596
33.490889800462874	0.00043832310366750927
33.94624871506797	0.00043831614615746787
34.40779891758287	0.00043830900061363464
34.87562458785947	0.000438301677753849
35.34981105030106	0.0004382941931636444
35.830444789424284	0.0004382864932937172
36.317613465632604	0.00043827861956088963
36.81140593120422	0.00043827054344208516
37.311912246497435	0.000438262246679587
37.81922369637629	0.00043825375842545156
38.33343280685956	0.00043824503663081023
38.854633361996136	0.00043823608808145743
39.3829204209698	0.0004382269228161906
39.91839033543663	0.0004382174955520674
40.46114076709807	0.00043820783787263854
41.011270705513	0.0004381979236031036
41.56888048615192	0.0004381877361506376
42.13407180869664	0.00043817729644631903
42.706947755588814	0.00043816656771777967
43.287612810830566	0.0004381555529893474
43.876172879040915	0.0004381442572551782
44.472735304771085	0.00043813264152435153
45.07740889208259	0.00043812072874570247
45.69030392439153	0.0004381084940691233
46.31153218458246	0.0004380959217594376
46.94120697539615	0.0004380830251252226
47.579443140094114	0.000438069770831751
48.226357083404416	0.000438056158914576
48.882066792752106	0.0004380421896709744
49.546691859778356	0.0004380278277218477
50.22035350215222	0.0004380130881804816
50.90317458567889	0.00043799794718426383
51.595279646708605	0.0004379823884958546
52.29679491485018	0.0004379664184346406
53.00784833599346	0.00043795000650327485
53.72856959564467	0.00043793314850148774
54.45909014257917	0.0004379158400110792
55.199543212815705	0.0004378980484268128
55.95006385391666	0.00043787978128485204
56.71078894961876	0.0004378610145072394
57.481857244798555	0.0004378417306470623
58.263409370777445	0.00043782192939964695
59.05558787097075	0.00043780158124703816
59.85853722688543	0.00043778067791344497
60.672403884471414	0.0004377592099817927
61.497336280831135	0.0004377371458125481
62.33348487129219	0.0004377144862556494
63.181002156848244	0.00043769120535148384
64.0400427119728	0.0004376672835479094
64.91076321281136	0.00043764271446289485
65.79332246575679	0.00043761746765494576
66.68788143641322	0.0004375915302387782
67.5946032789538	0.0004375648878004468
68.51365336587746	0.00043753750808295884
69.44519931817058	0.00043750938472961203
70.38941103587835	0.0004374804893260128
71.34646072909214	0.0004374507990522917
72.31652294935799	0.00043742030082093435
73.2997746215121	0.0004373889622349583
74.2963950759495	0.0004373567649496282
75.30656608133104	0.0004373236889474252
76.33047187773536	0.0004372896996808567
77.36829921026147	0.00043725478341451467
78.42023736308835	0.0004372189079435623
79.48647819399741	0.00043718204576193026
80.5672161693647	0.0004371441767357625
81.66264839962837	0.0004371052649631918
82.77297467523896	0.0004370652856886946
83.898397503098	0.000437024212233899
85.03912214349228	0.00043698200622521293
86.19535664753033	0.00043693864574086973
87.36731189508771	0.000436894093293115
88.55520163326847	0.00043684831547526076
89.75924251538929	0.00043680128405287287
90.97965414049393	0.000436752957829919
92.21665909340474	0.00043670330443374745
93.47048298531881	0.00043665228932389974
94.74135449495606	0.0004365998683848789
96.02950541026686	0.00043654601041755815
97.33517067070672	0.0004364906709774796
98.65858841008557	0.00043643380899879657
100.0	0.00043637538677305626
