# mean mock RIC P(k) for p=0.0, SGC Pk*A/Q0(0)
2.060252495331287355e+04
3.505821492724609561e+04
4.168282380273437593e+04
4.280099476171874994e+04
4.037633605468749738e+04
3.637667341210937593e+04
3.221274483203125055e+04
2.847284182226562552e+04
2.536323599414062483e+04
2.293612156054687512e+04
2.090184569433593788e+04
1.938510932812499959e+04
1.809561144628906186e+04
1.694366028515624930e+04
1.566557106347656190e+04
1.430219782031249997e+04
1.292223014843750025e+04
1.155638006933593715e+04
1.045132603564453166e+04
9.434480406738281090e+03
8.633779784179687340e+03
8.038436623046874956e+03
7.521735245117187333e+03
7.086351590332031265e+03
6.704661083496093852e+03
6.346651264160156643e+03
5.974281015136718452e+03
5.569094482910156330e+03
5.169390176025390247e+03
4.769607922607421642e+03
4.432777589355468990e+03
4.118942291503905835e+03
3.826719688232421959e+03
3.593661039550781425e+03
3.385896040039062427e+03
3.212438622070312704e+03
3.048820945556640709e+03
2.903270071533203009e+03
2.760930008300781083e+03
2.602377061889648303e+03
2.457406179809570403e+03
2.313544533569335726e+03
2.177762005859375222e+03
2.044235696655273387e+03
1.937534153076171833e+03
1.833456545349121143e+03
1.731908826782226470e+03
1.651938792602539024e+03
1.571195603820800670e+03
1.483660292663574182e+03
1.409134150817871159e+03
1.362322495849609368e+03
1.286206218444824117e+03
1.222887973083496036e+03
1.162773170928955096e+03
