# mean mock P(k) for p=0.0, SGC Pk*A/Q0(0)
2.620725182343864435e+04
3.702784607250976842e+04
4.257921133398437814e+04
4.327641758984375338e+04
4.047179832031249680e+04
3.664163850781250221e+04
3.237056208593750125e+04
2.847671306445312439e+04
2.537114434960937433e+04
2.294357440234375099e+04
2.100469374609375154e+04
1.945835509570312570e+04
1.815286462988281346e+04
1.693988327148437384e+04
1.569752552441406260e+04
1.429603361718750057e+04
1.295077117187499971e+04
1.157037938964843670e+04
1.045767657031250019e+04
9.402883121093749651e+03
8.607907137207032065e+03
8.048348500488281388e+03
7.466729360351562718e+03
7.069222791015625262e+03
6.714217799804687274e+03
6.343438851074219201e+03
5.970639073242187806e+03
5.559540066894531265e+03
5.223191833251953540e+03
4.793579030761718968e+03
4.407732043701172188e+03
4.091865082275390705e+03
3.815115143798828285e+03
3.589897454101562289e+03
3.371674936523437282e+03
3.175053322753906286e+03
3.035236136962890669e+03
2.913556793090820520e+03
2.745190924804687711e+03
2.598657057006836112e+03
2.465997927001953030e+03
2.319277626342773601e+03
2.179922234863281119e+03
2.047475627197265567e+03
1.949875479370117091e+03
1.839112297363281186e+03
1.741376257080078176e+03
1.655753368835449237e+03
1.597232494873046790e+03
1.484224334228515545e+03
1.411387201538085947e+03
1.366314041198730365e+03
1.298759482208251939e+03
1.226604831451415976e+03
1.159877814727783289e+03
