# mean mock P(k) for p=0.0, NGC Pk*A/Q0(0)
2.940748909213256775e+04
3.776785818847655901e+04
4.324953260351562494e+04
4.434127292578125343e+04
4.147330449218749709e+04
3.736490706445312389e+04
3.271164842773437340e+04
2.882963568945312363e+04
2.559905995507812622e+04
2.291538381445312552e+04
2.094876268164062640e+04
1.939167433593749956e+04
1.819123422167968602e+04
1.691767914160156215e+04
1.570043529980468702e+04
1.439881540917968778e+04
1.293606865039062541e+04
1.161229502148437496e+04
1.040109006738281278e+04
9.456380026855469623e+03
8.649767510742187369e+03
8.042630201660156672e+03
7.501362145996094114e+03
7.050835772460937733e+03
6.720052402343750146e+03
6.356672930175781403e+03
5.968633927734374993e+03
5.549865193847655974e+03
5.197216673339843510e+03
4.774280423339843765e+03
4.416692074951171890e+03
4.115110627197265785e+03
3.812621889892578110e+03
3.573622900390625091e+03
3.406020552734375087e+03
3.217923698486328249e+03
3.047400009521484208e+03
2.877939043945312278e+03
2.744939010009765752e+03
2.587043890747070236e+03
2.458469848022461065e+03
2.287556018554687398e+03
2.167461383666992333e+03
2.040464044311523367e+03
1.923289659057617200e+03
