# W_ric(k) for p=0.0, NGC Pk*A/Q0(0)
2.855218514103399219e-01
4.435871850816858197e-02
1.327739208692500783e-02
9.676009148816009167e-03
5.400576883702058392e-03
4.427981969290738055e-03
-4.488356595452813670e-04
1.664849070743949799e-04
2.028519236175120588e-03
2.213554935331624174e-03
1.505125392253930027e-03
9.538273113152827710e-04
2.807832758180937426e-03
-1.037203740019044683e-04
-1.920646140885768399e-05
2.315574669101357150e-03
-1.065774464656126528e-03
1.625667403149935438e-03
2.103931746766589232e-04
9.367866272722574642e-04
2.605414928256714457e-03
4.987213748767128051e-03
5.888827609690716006e-04
-4.931659994527746310e-03
2.561265573045969253e-03
-4.740067626773328160e-04
1.228343749751602612e-03
-2.141421576760787690e-03
5.291454808738987360e-03
-7.047597042132851307e-04
-1.179113002300980232e-03
7.070371248584814833e-03
5.437334230985826217e-03
-9.888602740700175916e-04
2.127482328120075799e-03
3.073670201158966789e-03
1.940884394751721687e-03
1.579680222288220139e-03
1.019885212339020957e-04
-5.063896200358809427e-03
4.594631473125147412e-04
-5.173839422408381232e-03
1.435439480952280114e-03
-1.655452167567943427e-03
1.030360725735498736e-03
