0.0001	8.673943220179751e8
0.00010135965009385569	8.672652556640191e8
0.00010273778667148859	8.671326522248405e8
0.00010413466108439276	8.669964080733399e8
0.000105550528101563	8.668564232864468e8
0.00010698564595596108	8.667125999317954e8
0.00010844027639161341	8.665648258565177e8
0.00010991468471134935	8.664129960113454e8
0.00011140913982518839	8.66257000449575e8
0.00011292391429938538	8.660967181225581e8
0.00011445928440614249	8.659320388874202e8
0.00011601553017399716	8.657628363996938e8
0.00011759293543889508	8.65588986565908e8
0.00011919178789595767	8.65410365377133e8
0.00012081237915195332	8.652268362097452e8
0.00012245500477848215	8.650382669926211e8
0.00012411996436588376	8.648445202207662e8
0.00012580756157787814	8.646454482139618e8
0.00012751810420694932	8.644409107442605e8
0.00012925190423048212	8.642307528325167e8
0.0001310092778676621	8.640148202983652e8
0.00013279054563714946	8.637929571130776e8
0.0001345960324155364	8.635649957220759e8
0.0001364260674966003	8.63330770743701e8
0.00013828098465136146	8.630901105950781e8
0.00014016112218895825	8.628428339546937e8
0.0001420668230183496	8.62588763798912e8
0.0001439984347108564	8.623277093245524e8
0.00014595630956355327	8.620594787940172e8
0.00014794080466352241	8.617838768468674e8
0.00014995228195298086	8.615006971512041e8
0.0001519911082952933	8.612097331094689e8
0.00015405765554188258	8.609107710088996e8
0.00015615230060004966	8.606035873800492e8
0.00015827542550171604	8.602879600768094e8
0.00016042741747310062	8.599636534937518e8
0.00016260866900534387	8.596304293647473e8
0.0001648195779260925	8.592880439217762e8
0.00016706054747205718	8.5893624234863e8
0.00016933198636255684	8.585747672524083e8
0.00017163430887406304	8.582033528976945e8
0.00017396793491575782	8.578217232657515e8
0.0001763332901061187	8.574296008274286e8
0.00017873080585054536	8.570266943851825e8
0.00018116091942004133	8.566127081131485e8
0.00018362407403096575	8.561873387362972e8
0.00018612071892586943	8.557502713292726e8
0.00018865130945542986	8.553011859653255e8
0.0001912163071615006	8.548397529089415e8
0.00019381617986128936	8.543656311235245e8
0.00019645140173268086	8.538784752418691e8
0.00019912245340072008	8.533779255025599e8
0.0002018298220252707	8.528636153418313e8
0.00020457400138986607	8.523351686136316e8
0.0002073554919917677	8.517921964361572e8
0.00021017480113324873	8.512343023913758e8
0.00021303244301411792	8.506610784504652e8
0.00021592893882550244	8.500721038850327e8
0.000218864816844905	8.494669507164068e8
0.0002218406125325538	8.488451754048713e8
0.00022485686862906272	8.482063252128551e8
0.00022791413525441874	8.475499354839349e8
0.0002310129700083158	8.468755273437481e8
0.00023415393807185266	8.461826116837571e8
0.00023733761231061343	8.454706857418276e8
0.0002405645733791495	8.447392322880013e8
0.00024383540982688266	8.439877238719304e8
0.0002471507182054473	8.432156159501351e8
0.0002505111031774927	8.424223522175348e8
0.00025391717762696434	8.416073619979866e8
0.0002573695627708851	8.407700586069864e8
0.00026086888827265534	8.399098423803732e8
0.0002644157923568948	8.390260978100419e8
0.0002680109219258446	8.381181929539789e8
0.00027165493267735286	8.371854827398154e8
0.0002753484892244641	8.362273032943565e8
0.0002790922652166347	8.352429764368346e8
0.00028288694346259666	8.342318072277312e8
0.0002867332160548913	8.331930828775718e8
0.0002906317844960971	8.321260750466725e8
0.00029458335982677277	8.31030037487216e8
0.0002985886627551407	8.29904205664727e8
0.00030264842378853343	8.287477993591532e8
0.00030676338336662695	8.2756001803616e8
0.0003109342919964862	8.263400446984568e8
0.00031516191038944655	8.25087043663874e8
0.00031944700959985405	8.238001599687732e8
0.00032379037116569764	8.224785211642573e8
0.0003281927872511478	8.21121235466774e8
0.00033265506079103557	8.19727391630401e8
0.00033717800563729655	8.182960610882479e8
0.00034176244670740486	8.168262942861911e8
0.00034640922013482557	8.153171241079687e8
0.0003511191734215135	8.137675639924189e8
0.0003558931655924844	8.121766078509359e8
0.00036073206735248855	8.105432316031471e8
0.0003656367612448142	8.088663918990276e8
0.00037060814181225023	8.071450263412788e8
0.00037564711576023734	8.053780554295943e8
0.00038075460212223756	8.035643798601677e8
0.0003859315324273524	8.017028837729936e8
0.00039117885087021966	7.997924333652766e8
0.0003964975144832202	7.978318774140514e8
0.0004018884933110268	7.95820048821439e8
0.00040735277058752536	7.937557640316865e8
0.00041289134291514233	7.916378237601428e8
0.00041850522044661014	7.894650150254065e8
0.00042419542706920334	7.87236109488679e8
0.0004299630005914814	7.849498667977846e8
0.00043580899293256813	7.82605033889228e8
0.0004417344703140073	7.802003462570696e8
0.00044774051345422463	7.777345297875493e8
0.00045382821776563493	7.752063010265399e8
0.000459998693554429	7.726143685942035e8
0.0004662530662230768	7.699574355794936e8
0.00047259247647558385	7.672341990147552e8
0.00047901808052553904	7.644433535684954e8
0.00048553105030699017	7.615835917065198e8
0.0004921325736881877	7.586536058289115e8
0.0004988238546882336	7.556520906133465e8
0.0005056061136966767	7.525777442365866e8
0.0005124805876960937	7.494292705845425e8
0.0005194485304876958	7.462053821769735e8
0.0005265112129200037	7.429048007816696e8
0.0005336699231206312	7.39526261570188e8
0.0005409259667312205	7.360685141605728e8
0.0005482806671455713	7.325303255873992e8
0.0005557353657510086	7.289104831718614e8
0.0005632914221730315	7.252077965967629e8
0.0005709502145232881	7.21421100792901e8
0.0005787131396509233	7.175492592941159e8
0.0005865816133973423	7.135911657323064e8
0.0005945570708544394	7.095457482622378e8
0.0006026409666263374	7.054119711879824e8
0.0006108347750946853	7.011888383995754e8
0.0006191399906875633	6.96875396420854e8
0.0006275581281520449	6.924707368705413e8
0.0006360907228304632	6.879739995243133e8
0.0006447393309404349	6.833843755977707e8
0.000653505529858691	6.787011094785887e8
0.0006623909184087668	6.739235028238405e8
0.0006713971171526032	6.690509160845327e8
0.000680525768686113	6.640827716758767e8
0.0006897785379387658	6.590185564949499e8
0.0006991571124772466	6.538578239854349e8
0.0007086632028132422	6.486001965987073e8
0.0007182985427154132	6.432453682671101e8
0.0007280648895256074	6.377931055750866e8
0.0007379640244793725	6.322432508371693e8
0.0007479977530308276	6.265957228334801e8
0.0007581679051819496	6.208505190849926e8
0.0007684763358163397	6.150077173395407e8
0.0007789249250375254	6.090674768017448e8
0.0007895155785118634	6.030300396982584e8
0.0008002502278161051	5.96895732829358e8
0.0008111308307896872	5.906649681833686e8
0.0008221593718918117	5.843382452644119e8
0.000833337862563382	5.779161514966389e8
0.0008446683415938601	5.713993643061606e8
0.0008561528754931103	5.647886525767808e8
0.0008677935588683004	5.580848782952964e8
0.0008795925148059268	5.512889987803872e8
0.0008915518952590332	5.444020692001865e8
0.0009036738814396948	5.374252447745762e8
0.000915960684216839	5.303597848497597e8
0.0009284145445194745	5.232070557212301e8
0.0009410377337454033	5.159685355306856e8
0.0009538325541754903	5.086458189453871e8
0.0009668013393935633	5.012406226143577e8
0.000979946454712026	4.937547915718016e8
0.0009932702976032535	4.8619030627417344e8
0.0010067752981368567	4.785492898324739e8
0.0010204639194228906	4.708340171356682e8
0.001034338658061087	4.630469230550679e8
0.0010484020445962004	4.551906126652119e8
0.0010626566439795376	4.472678710618672e8
0.001077105056036769	4.3928167373972845e8
0.0010917499159420975	4.3123519733062446e8
0.0011065938946988735	4.2313183019290483e8
0.001121639699626748	4.149751823513459e8
0.0011368900748554458	4.067690958854242e8
0.0011523478018252537	3.9851765304866666e8
0.0011680156997943148	3.902251845531338e8
0.0011838966263528175	3.818962753753925e8
0.0011999934779441778	3.735357689176787e8
0.001216309190393308	3.651487689678859e8
0.0012328467394420659	3.567406388066329e8
0.0012496091412919868	3.4831699698576677e8
0.0012665994531543925	3.398837105416795e8
0.0012838207738079819	3.3144688326851565e8
0.0013012762441640007	3.230128414077269e8
0.0013189690478390985	3.145881143929132e8
0.0013369024117359702	3.061794119347405e8
0.0013550796066318972	2.97793597253726e8
0.0013735039477752872	2.8943765645710933e8
0.0013921787954903255	2.8111866443939346e8
0.0014111075557898486	2.728437486873423e8
0.00143029368099655	2.6462004983673662e8
0.0014497406703726315	2.5645468218331572e8
0.0014694520707580173	2.4835469290359658e8
0.0014894314772172428	2.403270224171094e8
0.001509682533695143	2.3237846661372977e8
0.0015302089336814522	2.2451564189059296e8
0.00155101442088444	2.1674495421317083e8
0.0015721027899137107	2.0907257388485348e8
0.0015934778869722804	2.0150441530573425e8
0.0016151436105580686	1.9404612459951955e8
0.0016371039121749254	1.867030733323075e8
0.001659362797053327	1.7948035979264054e8
0.001681924324880869	1.723828169708442e8
0.0017047926105426933	1.6541502626984233e8
0.001727971824871982	1.5858133587568963e8
0.0017514661954106535	1.5188588260285312e8
0.001775280007180405	1.4533261377851653e8
0.0017994176034642347	1.38925308919939e8
0.001823883386598592	1.3266759661083066e8
0.001848681818776298	1.2656296559146817e8
0.0018738174228603833	1.2061476718561637e8
0.0018992947832089885	1.1482620702583028e8
0.0019251185465114858	1.0920032500899744e8
0.0019512934226359625	1.0373996332631911e8
0.001977824185488232	9.844772184606576e7
0.0020047156738825234	9.332590441617936e7
0.0020319727924240066	8.83764567877772e7
0.0020596005124033216	8.360090161494589e7
0.0020876038727032655	7.900027473750281e7
0.0021159879807178105	7.457506820163046e7
0.002144758013283615	7.032518614046323e7
0.0021739192176242032	6.624991934098156e7
0.0022034769123069776	6.234794226474318e7
0.002233436488213248	5.861733780858517e7
0.0022638034095214463	5.5055649220023e7
0.0022945832147037134	5.16599598025711e7
0.002325781517536029	4.842699594757374e7
0.002357404008122086	4.535324690070392e7
0.0023894564539310753	4.243509250287006e7
0.0024219447008495903	3.966892794017423e7
0.002454874674247825	3.705127250269746e7
0.0024882523800602743	3.457885225637117e7
0.00252208390588113	3.224864439580621e7
0.0025563754220745624	3.0057877923226543e7
0.002591133182900103	2.8003987319801982e7
0.00262636352765333	2.6084522181273706e7
0.00266207288182206	2.4297022106648583e7
0.0026982677582582603	2.2638871317219887e7
0.002734954758365897	2.1107151068976037e7
0.0027721405733049293	1.9698512688221134e7
0.0028098319852116814	1.840908980315234e7
0.002848035868435799	1.7234468367575034e7
0.00288675919079403	1.616972342485546e7
0.0029260090148410488	1.5209522831921889e7
0.0029657924991575613	1.4348287403849702e7
0.003006116899655922	1.3580385427835045e7
0.003046989570903505	1.290033014029297e7
0.0030884179674640676	1.2302946486833114e7
0.003130409645257355	1.1783471081485154e7
0.003172972262937164	1.1337561192429114e7
0.0032161135832882042	1.09612001581079e7
0.0032598414746418877	1.0650506809810957e7
0.003304163912311403	1.0401477594469203e7
0.0033490889800462903	1.0209707656751674e7
0.003394624871506801	1.0070148123131068e7
0.003440779891758291	9.976959568758301e6
0.0034875624587859507	9.92350564311639e6
0.003534981105030109	9.902510107423106e6
0.0035830444789424322	9.906363826360421e6
0.003631761346563264	9.927533537804976e6
0.0036811405931204254	9.958994961670253e6
0.003731191224649747	9.99459737530225e6
0.003781922369637633	1.002927369893057e7
0.00383334328068596	1.0059042833666928e7
0.0038854633361996176	1.008079732219429e7
0.003938292042096984	1.0091932257202541e7
0.003991839033543667	1.0089919475206135e7
0.004046114076709811	1.0071959967250772e7
0.004101127070551305	1.003483845778324e7
0.004156888048615196	9.97505311800277e6
0.004213407180869668	9.889211804025594e6
0.004270694775558886	9.774596235763974e6
0.004328761281083062	9.629719406705106e6
0.004387617287904096	9.454682437974645e6
0.004447273530477113	9.251176096889874e6
0.004507740889208263	9.022079500364183e6
0.004569030392439155	8.770749305351513e6
0.004631153218458249	8.500218677472243e6
0.004694120697539618	8.212586913205594e6
0.004757944314009414	7.908840610713548e6
0.004822635708340444	7.58919736126413e6
0.004888206679275213	7.253861221486913e6
0.004954669185977838	6.903887337431632e6
0.005022035350215225	6.541773920958435e6
0.005090317458567892	6.171481931085351e6
0.005159527964670863	5.797815897757631e6
0.00522967949148502	5.425400225592342e6
0.005300784833599349	5.057714144320038e6
0.00537285695956447	4.696668801659883e6
0.00544590901425792	4.342988055518501e6
0.005519954321281573	3.9972480096563846e6
0.0055950063853916696	3.6610479600364645e6
0.0056710788949618784	3.3376400042366707e6
0.0057481857244798575	3.031564321373145e6
0.005826340937077747	2.7473623831944335e6
0.005905558787097077	2.488003750838877e6
0.0059858537226885455	2.253913833684053e6
0.006067240388447145	2.0432291594379258e6
0.006149733628083117	1.8531939383834852e6
0.006233348487129224	1.6818656255991452e6
0.006318100215684829	1.529014757603941e6
0.006404004271197283	1.3955638118819387e6
0.006491076321281139	1.2819088770850021e6
0.006579332246575682	1.1863486357352927e6
0.006668788143641326	1.104907415122876e6
0.006759460327895383	1.0329069333195385e6
0.00685136533658775	967268.5152096337
0.006944519931817061	907790.982671225
0.007038941103587838	856271.1344563256
0.007134646072909218	814016.4533458577
0.007231652294935799	779750.3532005865
0.00732997746215121	749773.9687934981
0.0074296395075949505	720382.282939724
0.007530656608133104	690434.9502306399
0.007633047187773535	661625.9055973581
0.0077368299210261475	636042.9851971318
0.007842023736308833	613338.6116899676
0.007948647819399742	590489.4546618911
0.008056721616936468	564665.6032556219
0.008166264839962837	536341.1382480788
0.008277297467523896	509130.5023775718
0.008389839750309798	486158.5657056759
0.008503912214349228	466776.97264550516
0.008619535664753031	447443.0867868214
0.00873673118950877	425917.8619619898
0.008855520163326847	403761.0544058548
0.008975924251538928	383884.27708017593
0.009097965414049395	366188.1241647904
0.009221665909340473	347223.20645194774
0.00934704829853188	324812.6858760486
0.009474135449495606	301518.34096138773
0.009602950541026688	281753.8205166356
0.009733517067070672	266122.8523575128
0.009865858841008558	251073.33974998482
0.01	234586.614766386
0.010135965009385569	219280.97614634378
0.01027377866714886	207855.45598931776
0.010413466108439273	198156.61287294404
0.010555052810156298	186455.77437018204
0.010698564595596108	173965.04409484193
0.010844027639161341	165201.7275111736
0.010991468471134934	160320.15111887248
0.01114091398251884	154833.11138698272
0.011292391429938537	147512.7407756697
0.01144592844061425	141834.43352916633
0.011601553017399716	138099.01792144118
0.011759293543889507	131960.9739777723
0.011919178789595768	123094.14651279754
0.012081237915195333	116406.29487092436
0.012245500477848215	112370.44415261557
0.012411996436588378	106446.23073911431
0.012580756157787814	99074.79430185651
0.012751810420694934	94261.71384108387
0.01292519042304821	89956.10849603462
0.013100927786766213	82979.59972998878
0.013279054563714945	77451.73617666955
0.013459603241553642	75755.19452287356
0.01364260674966003	73067.43714292867
0.013828098465136145	69165.24705440384
0.014016112218895826	67918.10271905753
0.014206682301834963	66103.85160268622
0.01439984347108564	61871.690021899434
0.014595630956355327	60359.963303700104
0.014794080466352243	60062.67282343035
0.014995228195298086	57003.151356962684
0.01519911082952933	55189.70784306468
0.015405765554188258	53924.29221720985
0.015615230060004965	49786.66518394479
0.015827542550171603	47818.514373536884
0.01604274174731006	46979.920287512075
0.01626086690053439	43413.19556779569
0.016481957792609254	41778.67907551442
0.01670605474720572	39415.49450897547
0.016933198636255684	35411.91210364152
0.017163430887406305	34625.55340789547
0.01739679349157578	31895.103569411953
0.01763332901061187	29291.204136874654
0.017873080585054556	27957.769235920485
0.018116091942004153	24586.094479298376
0.018362407403096595	24205.596922458582
0.01861207189258696	22846.219762272143
0.018865130945543006	21568.782312154835
0.01912163071615008	21130.028463791008
0.019381617986128953	19512.179205312535
0.019645140173268107	19857.301229673918
0.019912245340072025	18887.92852569983
0.02018298220252709	18243.0405797597
0.02045740013898663	17279.14858797086
0.020735549199176792	16373.896150842664
0.021017480113324893	16069.256642053504
0.021303244301411815	14953.118224241867
0.021592893882550267	14219.214840560588
0.021886481684490523	13371.502002509538
0.022184061253255404	13050.665155303213
0.022485686862906296	12406.090751496971
0.022791413525441895	11682.122091462103
0.023101297000831602	11214.9294146446
0.023415393807185294	10882.917153753357
0.023733761231061367	10409.389112533678
0.024056457337914977	9800.643495713557
0.02438354098268829	9512.07798257982
0.024715071820544752	9222.165196652077
0.02505111031774929	8720.281744474167
0.025391717762696456	8215.470892971709
0.025736956277088534	7924.142467202415
0.026086888827265564	7486.795104764073
0.02644157923568951	6955.615330628657
0.02680109219258449	6651.03559133333
0.027165493267735312	6401.616381171449
0.027534848922446432	5991.102572033326
0.0279092265216635	5703.33798903585
0.028288694346259694	5496.53533031902
0.028673321605489164	5113.036682941846
0.029063178449609737	4789.090210877257
0.029458335982677303	4583.214681838201
0.0298588662755141	4242.459771589149
0.030264842378853372	3965.2062773859084
0.030676338336662726	3802.974788240407
0.03109342919964865	3523.359853576358
0.031516191038944624	3336.3235192701327
0.031944700959985375	3231.7038984359033
0.03237903711656973	3030.222767888183
0.03281927872511474	2935.596306733658
0.03326550607910352	2819.2704485235818
0.033717800563729625	2638.009644289956
0.03417624467074045	2551.598085443051
0.03464092201348252	2395.0690757841157
0.03511191734215131	2280.8743781399003
0.0355893165592484	2194.1989106405617
0.036073206735248824	2055.200886458621
0.03656367612448139	1977.5752866088576
0.03706081418122499	1859.6412007747535
0.037564711576023695	1767.617147986237
0.038075460212223716	1682.675340063196
0.038593153242735205	1576.1327106967312
0.03911788508702192	1493.8844336541856
0.03964975144832198	1393.6995062477524
0.04018884933110264	1321.5621653387896
0.04073527705875249	1250.0695556996113
0.04128913429151419	1183.7400298913244
0.04185052204466097	1119.4804781099099
0.0424195427069203	1052.647804539548
0.04299630005914809	998.1994189409854
0.043580899293256765	943.6685393162253
0.044173447031400685	896.6263399547481
0.04477405134542242	852.691093687432
0.04538282177656345	817.868422271275
0.045999869355442854	786.3534168224795
0.04662530662230763	752.0875276956905
0.04725924764755833	714.632193652584
0.04790180805255385	678.2887279751938
0.04855310503069898	646.1464424776824
0.04921325736881872	615.1220956187742
0.04988238546882331	585.9054431052881
0.05056061136966762	559.3497672651788
0.05124805876960931	534.1155178716801
0.05194485304876952	507.30815557210815
0.052651121292000315	481.33436521268
0.05336699231206307	459.2141235970824
0.054092596673121995	439.038994685609
0.054828066714557075	418.1619523642359
0.055573536575100814	398.23441090554314
0.056329142217303146	380.19016392983207
0.057095021452328816	362.11284033533286
0.05787131396509233	345.1577304944984
0.058658161339734234	331.88424042996115
0.05945570708544394	320.4553641512219
0.06026409666263375	308.6709560759912
0.06108347750946853	297.8825595873893
0.06191399906875633	288.11664847848516
0.06275581281520448	278.2408950834548
0.06360907228304631	269.80072112993815
0.06447393309404349	262.1111806084598
0.0653505529858691	252.78106492862568
0.06623909184087667	243.70552588423612
0.06713971171526031	236.31059238127236
0.0680525768686113	228.52242254294174
0.06897785379387658	219.73592054286595
0.06991571124772467	210.4451378598736
0.07086632028132422	201.45656413529858
0.07182985427154133	193.94712852354576
0.07280648895256073	186.61672923059925
0.07379640244793725	178.0940710662279
0.07479977530308275	169.36635266679622
0.07581679051819497	160.82919886233992
0.07684763358163398	152.44634327232424
0.07789249250375253	144.09635090993498
0.07895155785118634	134.97572196683933
0.08002502278161053	126.65449159181796
0.08111308307896872	119.55111522159643
0.08221593718918116	111.59779074105855
0.0833337862563382	103.17226478443574
0.084466834159386	95.34595192410087
0.08561528754931101	88.47001691695833
0.08677935588683004	82.36857015152835
0.08795925148059269	76.86606329745041
0.08915518952590333	71.8778031792758
0.09036738814396948	67.24955683204526
0.0915960684216839	62.64896451019479
0.09284145445194746	58.15958199197893
0.09410377337454034	54.369369061644974
0.09538325541754901	50.304659535738935
0.09668013393935633	46.35463646489541
0.09799464547120258	43.3674803481915
0.09932702976032536	40.65248937531418
0.10067752981368568	38.105234996708106
0.10204639194228905	35.71270258434605
0.10343386580610872	33.74602102076412
0.10484020445962006	31.78058634096662
0.10626566439795376	29.867151555283403
0.10771050560367693	28.94880029325406
0.10917499159420974	28.139461195793043
0.11065938946988733	26.815231653661424
0.1121639699626748	25.42183370610902
0.11368900748554459	24.22273976154074
0.11523478018252538	23.538545065658468
0.11680156997943149	23.2867858195353
0.11838966263528175	23.10515716530719
0.11999934779441777	22.934911914575217
0.12163091903933079	22.6417595106664
0.1232846739442066	22.076203815953203
0.12496091412919869	21.78743234399334
0.12665994531543925	21.804725833548297
0.12838207738079818	21.263365588512144
0.13012762441640008	20.36690372622484
0.13189690478390984	19.606709709131845
0.133690241173597	18.755675500816157
0.13550796066318974	18.084828133170223
0.13735039477752872	17.45437919130832
0.13921787954903253	16.455541324318286
0.14111075557898486	15.449358829603222
0.143029368099655	14.466214813159704
0.14497406703726315	13.38774227037687
0.14694520707580172	12.36051042759737
0.1489431477217243	11.134981604462164
0.15096825336951433	10.00087608648632
0.1530208933681452	9.33863242619481
0.155101442088444	8.484615267587168
0.15721027899137108	7.791865781258211
0.15934778869722804	7.357782657415887
0.16151436105580685	6.718422901393239
0.16371039121749256	6.241330720594543
0.1659362797053327	5.69614872915
0.16819243248808688	5.243071739639952
0.1704792610542693	4.964931165120338
0.1727971824871982	4.77674900248505
0.17514661954106536	4.808251229318184
0.1775280007180407	4.700564455263296
0.17994176034642367	4.669380364390457
0.18238833865985937	4.800035475589318
0.18486818187763	4.85808046873617
0.18738174228603852	4.819630068720254
0.18992947832089904	4.645546396796146
0.19251185465114876	4.432681695417367
0.1951293422635964	4.2224961456373835
0.1977824185488234	4.0152279564991655
0.20047156738825253	3.776908847202003
0.20319727924240086	3.5685581887892313
0.20596005124033237	3.4686104261910424
0.20876038727032678	3.286376201539984
0.21159879807178125	3.077160687661538
0.21447580132836175	3.0432705256671397
0.2173919217624206	2.847251031295386
0.22034769123069797	2.416635702564723
0.223343648821325	2.1117607276681083
0.22638034095214488	1.86636842388406
0.2294583214703715	1.6645049227672906
0.23257815175360316	1.5363523834730315
0.23574040081220882	1.4390845782186357
0.2389456453931078	1.4750514101957295
0.24219447008495928	1.4835063069071297
0.2454874674247827	1.5225911695571526
0.24882523800602768	1.60350560354087
0.2522083905881133	1.513003234025327
0.2556375422074565	1.4930460042158127
0.25911331829001055	1.5088152157047574
0.26263635276533326	1.4561158299820627
0.26620728818220624	1.3981546453088671
0.2698267758258263	1.2743054820422701
0.27349547583658995	1.1610221406404273
0.2772140573304932	0.981401048231712
0.28098319852116843	0.8318971372743396
0.2848035868435802	0.8176548014421979
0.2886759190794033	0.7388446468125609
0.29260090148410517	0.6774421492062623
0.2965792499157564	0.7304415963634387
0.30061168996559245	0.7519075525007958
0.30469895709035083	0.7088877078820358
0.3088417967464071	0.6668371636622004
0.31304096452573515	0.6636474448955909
0.3172972262937161	0.6883609130002294
0.3216113583288201	0.6961906126213065
0.32598414746418847	0.624042303250264
0.33041639123113997	0.5034885489447093
0.3349088980046287	0.43415209579859243
0.3394624871506797	0.40187296623311947
0.34407798917582877	0.41635877598584187
0.3487562458785947	0.4194589339954475
0.35349811050301055	0.3429958408743847
0.3583044478942429	0.34944308843035676
0.363176134656326	0.43519698613285085
0.3681140593120422	0.4151191631279735
0.3731191224649744	0.36689560773479324
0.3781922369637629	0.34931908507217746
0.38333432806859563	0.28293013961687286
0.3885463336199614	0.234664696447936
0.393829204209698	0.20816715044334935
0.3991839033543663	0.22249578785163615
0.4046114076709807	0.2742946402496494
0.41011270705513003	0.25904896010431516
0.4156888048615192	0.2345845878356971
0.4213407180869664	0.2107122970384546
0.4270694775558881	0.18853242153747735
0.4328761281083057	0.19631310484175016
0.43876172879040914	0.18614706725742075
0.4447273530477108	0.15862344172913773
0.4507740889208259	0.1625287598798059
0.456903039243915	0.17028465291513115
0.46311532184582443	0.11682703721832921
0.4694120697539612	0.10652413653386657
0.47579443140094085	0.1519942715286551
0.48226357083404386	0.16194795898131317
0.4888206679275208	0.14005491415727597
0.49546691859778336	0.091648457775039
0.5022035350215219	0.08051414299802341
0.5090317458567887	0.115052301079522
0.5159527964670857	0.10054087266715618
0.5229679491485015	0.0648713528741575
0.5300784833599342	0.09852443503382873
0.5372856959564464	0.12141534550123054
0.5445909014257914	0.08591300590759572
0.5519954321281567	0.05463502416653617
0.5595006385391669	0.04854753671971692
0.5671078894961878	0.07515580955088812
0.5748185724479858	0.06310959241647088
0.5826340937077747	0.0619100637259903
0.5905558787097077	0.0952677365909062
0.5985853722688546	0.04866953344808143
0.6067240388447145	0.02663496208874146
0.6149733628083116	0.05131229304090061
0.6233348487129223	0.05049274440417109
0.6318100215684828	0.0514710475254512
0.6404004271197282	0.045560576142986205
0.6491076321281138	0.04844378551006647
0.6579332246575682	0.03758983507529664
0.6668788143641325	0.01712862913635442
0.6759460327895382	0.037278745234154184
0.685136533658775	0.05666015489418308
0.694451993181706	0.035052736377775846
0.7038941103587839	0.01084749027360007
0.7134646072909216	0.023536777341765437
0.7231652294935799	0.039640134132027036
0.7329977462151209	0.033979555430945496
0.742963950759495	0.018093284887237243
0.7530656608133104	0.01669404636240445
0.7633047187773535	0.03418363259447868
0.7736829921026146	0.019333070679691082
0.7842023736308833	0.011187218596522776
0.7948647819399742	0.026655281581970957
0.8056721616936469	0.01949682114159443
0.8166264839962838	0.020083922966313287
0.8277297467523895	0.015981151810697702
0.8389839750309798	0.0075045213342013
0.8503912214349229	0.020256596395964166
0.8619535664753032	0.021405827868853738
0.8736731189508772	0.008701495968617412
0.8855520163326847	0.010572144066576247
0.8975924251538929	0.01663116325632388
0.9097965414049393	0.01081986172102174
0.9221665909340475	0.010430884645528125
0.9347048298531879	0.01183048766441033
0.9474135449495604	0.012556600152666042
0.9602950541026688	0.010989392952422404
0.9733517067070673	-7.376017850200312e-5
0.9865858841008558	0.014352230821005093
1.0	0.019471773867773635
1.0135965009385568	-0.0030868005968239256
1.0273778667148858	0.002428604873427887
1.0413466108439275	0.017183941716232252
1.0555052810156298	0.011615331857134877
1.0698564595596107	-0.003043265130056346
1.084402763916134	0.0050464699916046435
1.0991468471134935	0.015571845280470762
1.1140913982518839	0.0023522528038787986
1.1292391429938538	0.002800130686464703
1.1445928440614248	0.00774679733578799
1.1601553017399715	0.0049046784388602285
1.1759293543889509	0.006345374712925355
1.1919178789595768	0.0033350929187943106
1.2081237915195333	0.003614696826400913
1.2245500477848215	0.006937634763331787
1.2411996436588377	0.0028490153079990185
1.2580756157787816	0.0037242755318942565
1.2751810420694933	0.004911725217358372
1.292519042304821	0.0023537304909618303
1.3100927786766212	0.004907207854947941
1.3279054563714945	0.0032754027182307754
1.345960324155365	0.0020140742024685435
1.3642606749660036	0.004190328720285213
1.3828098465136152	0.0037413904033480275
1.401611221889583	0.0014703785803838684
1.4206682301834967	0.0028830319701990082
1.4399843471085647	0.004484105755422384
1.4595630956355334	0.0007007171150599653
1.479408046635225	0.0028292087834076783
1.4995228195298094	0.0037068794136447935
1.519911082952934	0.0008362452132304891
1.5405765554188264	0.0027352101105998588
1.5615230060004972	0.0028635209183557296
1.5827542550171614	0.001067624546272658
1.604274174731007	0.0025374019341163493
1.6260866900534396	0.00230978274114158
1.648195779260926	0.001059076864209164
1.6706054747205727	0.002661107571717518
1.693319863625569	0.0013727268147760313
1.7163430887406315	0.001676322504223275
1.7396793491575788	0.00211329087579407
1.7633329010611878	0.0010310735415498262
1.7873080585054544	0.0021536025341948417
1.8116091942004142	0.0011957686249600948
1.8362407403096586	0.0015645605541910964
1.861207189258695	0.0016378402017546304
1.8865130945542996	0.0011384917792558555
1.912163071615007	0.0016673014112662664
1.9381617986128943	0.0011499725171708786
1.9645140173268099	0.0014399754676187103
1.9912245340072017	0.0012496590991165448
2.018298220252708	0.00124555121144784
2.0457400138986617	0.0012847723144652427
2.073554919917678	0.0011482583350229609
2.101748011332488	0.0012301510113768774
2.1303244301411803	0.0011276014617348708
2.1592893882550257	0.0011537397793383332
2.188648168449051	0.0011005214078351937
2.218406125325539	0.0011049754044483058
2.2485686862906284	0.0010644290718954388
2.2791413525441886	0.0010604062881159606
2.3101297000831593	0.0010358434503925625
2.341539380718528	0.0010210379217247762
2.3733761231061363	0.0010037475211425607
2.4056457337914976	0.0009915370916703536
2.438354098268829	0.0009738938474385072
2.4715071820544754	0.0009611308698322231
2.5051110317749288	0.0009507491655686558
2.539171776269646	0.0009333888775263324
2.573695627708853	0.0009268626589323432
2.6086888827265566	0.0009118928243379925
2.644157923568951	0.0009034094204675447
2.680109219258449	0.0008923366492079401
2.716549326773531	0.0008833673238631532
2.7534848922446433	0.0008736888164944201
2.7909226521663504	0.0008656556536259141
2.8288694346259695	0.0008568842234753634
2.8673321605489166	0.0008495635598923773
2.906317844960974	0.0008416684625877525
2.9458335982677304	0.0008351830441241802
2.98588662755141	0.000827808447697336
3.026484237885337	0.0008221730827838494
3.0676338336662727	0.0008154566638338473
3.109342919964865	0.000810210859772587
3.1516191038944625	0.0008044808816412915
3.194470095998537	0.000799312636575567
3.2379037116569735	0.0007945547796562066
3.2819278725114738	0.0007895854584007644
3.3265506079103524	0.0007854334585209247
3.371780056372962	0.0007809427105747647
3.4176244670740448	0.0007771048065536431
3.464092201348252	0.0007731700060815337
3.5111917342151306	0.0007695998860421899
3.55893165592484	0.0007661194522485363
3.607320673524882	0.0007628421445467816
3.656367612448139	0.0007597420434139995
3.706081418122499	0.0007567545586017174
3.7564711576023693	0.0007539662950515302
3.807546021222372	0.0007512682936318353
3.8593153242735205	0.000748743425348362
3.9117885087021924	0.0007463199877555528
3.9649751448321977	0.0007440243332159544
4.018884933110264	0.0007418470518129124
4.073527705875249	0.0007397736670799074
4.128913429151419	0.0007377982514445025
4.185052204466096	0.0007359347334395059
4.241954270692031	0.0007341501295357819
4.299630005914811	0.0007324615747057289
4.358089929325679	0.0007308559568116658
4.417344703140071	0.0007293291148637212
4.477405134542244	0.0007278778095011878
4.538282177656347	0.0007264999056761963
4.599986935544288	0.0007251902671535531
4.662530662230765	0.0007239447445258051
4.725924764755836	0.0007227625934943791
4.790180805255388	0.0007216377363824233
4.8553105030699	0.0007205695693925627
4.921325736881874	0.0007195552406154892
4.988238546882333	0.000718589029959857
5.056061136966764	0.0007176738091063421
5.124805876960934	0.0007168015485859044
5.194485304876955	0.0007159742836334626
5.265112129200035	0.0007151871616680042
5.3366992312063095	0.0007144395352944683
5.409259667312202	0.0007137291567849845
5.482806671455711	0.000713053982124124
5.557353657510084	0.0007124121323398348
5.632914221730313	0.0007118028805124437
5.709502145232879	0.0007112226701976597
5.7871313965092295	0.0007106723947720629
5.86581613397342	0.0007101492549962921
5.945570708544392	0.0007096515553022464
6.026409666263372	0.000709178970440232
6.10834775094685	0.000708730162458837
6.19139990687563	0.0007083027181044439
6.275581281520446	0.0007078977943871829
6.360907228304629	0.0007075116264093429
6.447393309404346	0.0007071455435983696
6.535055298586907	0.0007067975307387958
6.623909184087665	0.0007064662339632449
6.713971171526029	0.0007061519434007456
6.805257686861126	0.0007058532205882603
6.8977853793876545	0.0007055687104878656
6.991571124772462	0.0007052993024239829
7.086632028132419	0.0007050423152474468
7.1829854271541285	0.0007047986201415552
7.28064889525607	0.0007045669536503164
7.379640244793722	0.0007043464246379731
7.479977530308276	0.0007041372630073704
7.581679051819497	0.0007039382474553141
7.684763358163398	0.0007037488684048167
7.789249250375254	0.0007035694943060032
7.895155785118634	0.0007033982194362003
8.002502278161053	0.0007032359670860377
8.111308307896874	0.000703081626856647
8.221593718918117	0.0007029346530662837
8.33337862563382	0.0007027953120266675
8.446683415938601	0.0007026626642239551
8.561528754931102	0.0007025363871900137
8.677935588683004	0.0007024168341903274
8.795925148059268	0.0007023025611175261
8.915518952590332	0.0007021943423624506
9.03673881439695	0.0007020913663596517
9.15960684216839	0.0007019932229256948
9.284145445194744	0.0007019002474925505
9.410377337454033	0.0007018116161833383
9.5383255417549	0.0007017272360773342
9.668013393935633	0.0007016473730000802
9.79946454712026	0.0007015709372545971
9.932702976032536	0.0007014985588246524
10.067752981368567	0.0007014296556876674
10.204639194228903	0.0007013639343940964
10.343386580610872	0.0007013016500545837
10.484020445962004	0.0007012422443767687
10.626566439795377	0.0007011856335773633
10.77105056036769	0.0007011320483114409
10.917499159420974	0.0007010806946963651
11.065938946988735	0.0007010320371699968
11.21639699626748	0.000700985689490217
11.368900748554458	0.0007009414012589694
11.523478018252538	0.0007008994373048304
11.680156997943147	0.0007008593441968139
11.838966263528174	0.0007008210756616138
11.999934779441778	0.0007007848576243776
12.163091903933081	0.0007007500338124129
12.32846739442066	0.0007007170338395866
12.496091412919867	0.000700685561140084
12.665994531543925	0.0007006553805434323
12.838207738079818	0.0007006267870221509
13.012762441640009	0.0007005993963009566
13.189690478390984	0.0007005731802953902
13.369024117359704	0.0007005483516809027
13.550796066318973	0.000700524389206682
13.73503947775287	0.0007005016412352744
13.921787954903255	0.000700479883275195
14.111075557898486	0.0007004589480960775
14.3029368099655	0.0007004390714087321
14.497406703726316	0.0007004199440704944
14.69452070758017	0.0007004015780355736
14.894314772172429	0.0007003841255219232
15.096825336951431	0.0007003671905049753
15.302089336814522	0.0007003510646028339
15.51014420884441	0.0007003355633950357
15.721027899137114	0.0007003205595604693
15.934778869722813	0.0007003062608705785
16.151436105580693	0.0007002924144704176
16.371039121749263	0.0007002790359584991
16.593627970533277	0.0007002662593973765
16.819243248808696	0.000700253767360663
17.047926105426942	0.0007002417966743515
17.279718248719828	0.0007002302071527054
17.514661954106543	0.0007002188985101474
17.75280007180406	0.0007002080428623496
17.994176034642354	0.0007001974383403468
18.23883386598593	0.000700187105825004
18.48681818776299	0.0007001771489407877
18.73817422860384	0.0007001673179386503
18.992947832089893	0.0007001578106534315
19.251185465114865	0.0007001485117748241
19.512934226359633	0.0007001393439691201
19.77824185488233	0.0007001304516446416
20.047156738825244	0.0007001216661007495
20.319727924240077	0.0007001130134957857
20.596005124033237	0.0007001045749828275
20.876038727032675	0.0007000961517088321
21.15987980717813	0.0007000879040753636
21.447580132836176	0.0007000797405766217
21.739192176242057	0.0007000716026573086
22.0347691230698	0.0007000636034037634
22.3343648821325	0.0007000556101151828
22.63803409521449	0.000700047646560039
22.94583214703715	0.0007000397735703673
23.257815175360314	0.0007000318359033634
23.574040081220883	0.0007000239621310685
23.89456453931078	0.0007000160769417118
24.219447008495926	0.0007000081346025557
24.548746742478272	0.000700000225625402
24.882523800602772	0.0006999922418216375
25.220839058811332	0.0006999842040689884
25.56375422074565	0.0006999761609519532
25.911331829001057	0.0006999679863674583
26.26363527653333	0.0006999597822507144
26.620728818220627	0.0006999514881149775
26.98267758258263	0.0006999430668831338
27.349547583658996	0.0006999345901571966
27.721405733049316	0.0006999259695838497
28.09831985211684	0.0006999172224659739
28.480358684358023	0.0006999083846060435
28.86759190794033	0.0006998993545734935
29.260090148410516	0.0006998902140428003
29.65792499157564	0.0006998809113990676
30.061168996559246	0.0006998714163288051
30.469895709035082	0.000699861784581352
30.88417967464071	0.0006998519422153815
31.304096452573518	0.0006998419034452009
31.72972262937161	0.0006998316942405464
32.16113583288201	0.0006998212309603032
32.59841474641885	0.0006998105780314973
33.041639123113995	0.0006997996904777641
33.490889800462874	0.0006997885424352364
33.94624871506797	0.0006997771769673248
34.40779891758287	0.0006997655314476284
34.87562458785947	0.0006997536155145792
35.34981105030106	0.0006997414469017883
35.830444789424284	0.000699728955754605
36.317613465632604	0.0006997161917827925
36.81140593120422	0.0006997031155068891
37.311912246497435	0.0006996897033563116
37.81922369637629	0.0006996759866207216
38.33343280685956	0.0006996619120715466
38.854633361996136	0.0006996474846183578
39.3829204209698	0.0006996327135860293
39.91839033543663	0.0006996175399144464
40.46114076709807	0.0006996020010629224
41.011270705513	0.0006995860604138322
41.56888048615192	0.0006995696957561928
42.13407180869664	0.0006995529283723715
42.706947755588814	0.0006995357103363239
43.287612810830566	0.0006995180425768164
43.876172879040915	0.000699499928349871
44.472735304771085	0.0006994813154101444
45.07740889208259	0.0006994622290602397
45.69030392439153	0.0006994426345252678
46.31153218458246	0.0006994225101803361
46.94120697539615	0.0006994018675451798
47.579443140094114	0.000699380663087118
48.226357083404416	0.0006993588926765225
48.882066792752106	0.0006993365523106053
49.546691859778356	0.0006993135953851919
50.22035350215222	0.0006992900367307176
50.90317458567889	0.0006992658410790413
51.595279646708605	0.0006992409860610833
52.29679491485018	0.0006992154746307724
53.00784833599346	0.0006991892645597269
53.72856959564467	0.000699162346542791
54.45909014257917	0.0006991347102321014
55.199543212815705	0.0006991063109009919
55.95006385391666	0.0006990771538711891
56.71078894961876	0.0006990472029962174
57.481857244798555	0.0006990164326850275
58.263409370777445	0.0006989848372713926
59.05558787097075	0.0006989523749039096
59.85853722688543	0.000698919029866895
60.672403884471414	0.0006988847849941959
61.497336280831135	0.0006988495960583925
62.33348487129219	0.0006988134580466506
63.181002156848244	0.0006987763321717338
64.0400427119728	0.0006987381890928395
64.91076321281136	0.0006986990140912459
65.79332246575679	0.0006986587633773916
66.68788143641322	0.000698617414273483
67.5946032789538	0.0006985749420861965
68.51365336587746	0.0006985313002612901
69.44519931817058	0.0006984864738182829
70.38941103587835	0.0006984404197573393
71.34646072909214	0.0006983931029137039
72.31652294935799	0.000698344499030989
73.2997746215121	0.0006982945602860214
74.2963950759495	0.0006982432559848064
75.30656608133104	0.0006981905527785053
76.33047187773536	0.00069813639948302
77.36829921026147	0.0006980807703726707
78.42023736308835	0.0006980236162488459
79.48647819399741	0.0006979648943784825
80.5672161693647	0.0006979045699989913
81.66264839962837	0.0006978425888533099
82.77297467523896	0.0006977789105678515
83.898397503098	0.000697713491678723
85.03912214349228	0.0006976462740246187
86.19535664753033	0.000697577219905728
87.36731189508771	0.000697506271632779
88.55520163326847	0.0006974333765648292
89.75924251538929	0.000697358487792643
90.97965414049393	0.0006972815424943047
92.21665909340474	0.0006972024882013219
93.47048298531881	0.0006971212694132677
94.74135449495606	0.000697037818572053
96.02950541026686	0.0006969520836137573
97.33517067070672	0.0006968639957437517
98.65858841008557	0.0006967734901945056
100.0	0.0006966805056235079
