# Tk at z_eff=1.7634 (p=1.6, SGC) raw output of classy 
#  dict_keys(['k (h/Mpc)', 'd_g', 'd_b', 'd_cdm', 'd_ur', 'd_ncdm[0]', 'd_tot', 'phi', 'psi'])
1.043377881430805103e-05 -5.950327688611978033e-04 -4.463705961029712618e-04 -4.463706063380944492e-04 -5.950295821487799853e-04 -4.463670390233108725e-04 -4.464747929372528401e-04 5.894879057099439157e-01 5.890558161069793242e-01
1.313534929037202208e-05 -9.429441130688220223e-04 -7.074492600406260450e-04 -7.074492857493107920e-04 -9.429361090863216943e-04 -7.074423151473865608e-04 -7.076143189914693796e-04 5.894873939026963328e-01 5.890553830858920037e-01
1.653642501444182178e-05 -1.494166164183308556e-03 -1.121230370061763754e-03 -1.121230434634115560e-03 -1.494146062294686135e-03 -1.121216079419642270e-03 -1.121491765171122494e-03 5.894865863078666557e-01 5.890547002884275463e-01
2.081812567090954053e-05 -2.367341609892304865e-03 -1.777027543708813466e-03 -1.777027705892557114e-03 -2.367291127900861009e-03 -1.776996646356620007e-03 -1.777441310484183766e-03 5.894853202996382935e-01 5.890536320998206454e-01
2.620846743303251739e-05 -3.750094763565716555e-03 -2.816391578214512414e-03 -2.816391985530460745e-03 -3.749968007390845105e-03 -2.816321891287692190e-03 -2.817046057284956426e-03 5.894832821317129712e-01 5.890519071928062012e-01
3.299450565562448486e-05 -5.938758204115748320e-03 -4.463661669749387738e-03 -4.463662692617208563e-03 -5.938439995401337095e-03 -4.463499184923854120e-03 -4.464695693063442002e-03 5.894800672937693387e-01 5.890491886658937304e-01
4.153762161945203773e-05 -9.400398929072796908e-03 -7.074381207331854188e-03 -7.074383775608180172e-03 -9.399600378094532388e-03 -7.073992981698612459e-03 -7.076011852633882875e-03 5.894749610572278531e-01 5.890448680228003164e-01
5.229276740221896000e-05 -1.486878685646846228e-02 -1.121202349795661322e-02 -1.121202994509166301e-02 -1.486678396112274363e-02 -1.121107992793283006e-02 -1.121458740254447327e-02 5.894668653210416442e-01 5.890380151375470552e-01
6.583269373569511308e-05 -2.349066618354308036e-02 -1.776957116025875208e-02 -1.776958733819124919e-02 -2.348564701508281186e-02 -1.776725127844880694e-02 -1.777358331984635331e-02 5.894540617200214605e-01 5.890271755926568265e-01
8.287845107072927249e-05 -3.704310849563557245e-02 -2.816214745006532377e-02 -2.816218802150439321e-02 -3.703054807200550913e-02 -2.815640047279931169e-02 -2.816837778540523182e-02 5.894337850691323544e-01 5.890099973804698852e-01
1.043377881430805848e-04 -5.824233174708291771e-02 -4.463217657833434132e-02 -4.463227822810560824e-02 -5.821096825280218379e-02 -4.461787067437942428e-02 -4.464173013510180227e-02 5.894017154159360006e-01 5.889828026738510580e-01
1.313534929037203224e-04 -9.114621483577506345e-02 -7.073267033569168027e-02 -7.073292463292879528e-02 -9.106817169018999181e-02 -7.069695158685054825e-02 -7.074701341186441506e-02 5.893510581633230050e-01 5.889397825527358243e-01
1.653642501444183466e-04 -1.415842773167854396e-01 -1.120922955890678030e-01 -1.120929302538761774e-01 -1.413911475519914474e-01 -1.120029573757578417e-01 -1.121130528029727763e-01 5.892711948077372641e-01 5.888718020511123363e-01
2.081812567090955408e-04 -2.173568040846409477e-01 -1.776257117617334458e-01 -1.776272898304898928e-01 -2.168830285089642096e-01 -1.774020739138229275e-01 -1.776537667096048101e-01 5.891456673868761262e-01 5.887645630882089032e-01
2.620846743303253501e-04 -3.274900107164665508e-01 -2.814463700903870325e-01 -2.814502707553545036e-01 -3.263437699791788549e-01 -2.808864811477648771e-01 -2.814791254600682024e-01 5.889492959442137465e-01 5.885958508883146756e-01
3.299450565562450925e-04 -4.789447936834176911e-01 -4.458847768119689747e-01 -4.458943288678910988e-01 -4.762319889143541984e-01 -4.444839080807219123e-01 -4.459090142439873228e-01 5.886443229419077161e-01 5.883315462679332697e-01
4.153762161945206348e-04 -6.680129371291416707e-01 -7.062401256320244292e-01 -7.062631784059160145e-01 -6.618126795997376632e-01 -7.027401419804820693e-01 -7.062154358752178451e-01 5.881758660349987178e-01 5.879201959724521531e-01
5.229276740221899117e-04 -8.641884795030957411e-01 -1.118236104266222997e+00 -1.118290489360741935e+00 -8.507805422873139234e-01 -1.109514247344627114e+00 -1.118061164529571716e+00 5.874677882505794368e-01 5.872863898667349813e-01
6.583269373569515916e-04 -9.940185051076385614e-01 -1.769667599155691162e+00 -1.769791499781907751e+00 -9.674524055411579671e-01 -1.748025858711885760e+00 -1.769123919639195242e+00 5.864211567271961911e-01 5.863243536347783058e-01
8.287845107072932399e-04 -9.642648053455883383e-01 -2.798491591338111650e+00 -2.798759487773414989e+00 -9.183342442465703970e-01 -2.745157783341886759e+00 -2.797178887245842294e+00 5.849166394665662461e-01 5.848949332160930936e-01
1.043377881430806661e-03 -7.931734661244137508e-01 -4.420740017114100695e+00 -4.421277843241335326e+00 -7.282909909658146219e-01 -4.290707481469882012e+00 -4.418045284932084371e+00 5.828139579246318647e-01 5.828290684459309645e-01
1.313534929037204037e-03 -7.446305689023257068e-01 -6.973225510957254514e+00 -6.974209801309172008e+00 -6.732538003788764991e-01 -6.661378247085262494e+00 -6.968257848550510225e+00 5.799253539645234934e-01 5.799307788386202089e-01
1.653642501444184225e-03 -8.918927692850299183e-01 -1.097788219023858147e+01 -1.097954743579052561e+01 -8.268917035411459393e-01 -1.024815309383538420e+01 -1.096889264128340358e+01 5.759498783865719673e-01 5.759419656536497456e-01
2.081812567090956384e-03 -7.350437101532877326e-01 -1.723743010717315727e+01 -1.724027006690689134e+01 -6.939979044423145726e-01 -1.558780546768456432e+01 -1.722077215177039733e+01 5.705028004977561462e-01 5.705042377756395222e-01
2.620846743303254910e-03 -7.834822365404271460e-01 -2.697354483959094296e+01 -2.697890340259599640e+01 -7.641873386221523790e-01 -2.340658915761434145e+01 -2.694353988219168983e+01 5.631806141909921903e-01 5.631779146897561983e-01
3.299450565562452118e-03 -6.817657595230485201e-01 -4.202399389888846315e+01 -4.203468171602666814e+01 -6.572117978065018518e-01 -3.468341330937817446e+01 -4.197076500009713840e+01 5.535190394654275758e-01 5.535182997996993537e-01
4.153762161945208191e-03 -6.885267049479768531e-01 -6.511219190525486056e+01 -6.513412914066611847e+01 -6.439554316710683901e-01 -5.065855561768381676e+01 -6.502003427433204763e+01 5.410383679891945796e-01 5.410374134505483434e-01
5.229276740221901719e-03 -6.587765910520786417e-01 -1.001963354745315513e+02 -1.002438051796828091e+02 -6.291711721685160352e-01 -7.263182577513109095e+01 -1.000416611898557449e+02 5.252408414398077596e-01 5.252402760926456748e-01
6.583269373569518301e-03 -6.782919461700803732e-01 -1.528846878592867142e+02 -1.529904330088292568e+02 -6.672201338026216844e-01 -1.017054781710679947e+02 -1.526351135826031395e+02 5.056263494613333354e-01 5.056260975117385925e-01
8.287845107072935869e-03 -6.027799854261031154e-01 -2.308380359135104243e+02 -2.310787500418364004e+02 -5.816511734649051357e-01 -1.386477024772777895e+02 -2.304613379787619465e+02 4.816936440879824866e-01 4.816935984163510653e-01
1.043377881430807008e-02 -5.667390416790837326e-01 -3.439686395492803967e+02 -3.445214619822002078e+02 -5.468312372832351276e-01 -1.823212490454073418e+02 -3.434599012480750275e+02 4.529477040133605970e-01 4.529476934635002228e-01
1.313534929037204514e-02 -5.239983599017944416e-01 -5.039842029023997156e+02 -5.052488517311641658e+02 -5.055844365822405040e-01 -2.281404568062046110e+02 -5.034429863862564503e+02 4.189109623408452387e-01 4.189109583972328021e-01
1.653642501441474066e-02 -4.742508262227522753e-01 -7.225153883322708452e+02 -7.253542429988413005e+02 -4.575784381124918254e-01 -2.759857290364900564e+02 -7.223674277766715477e+02 3.792531058859796578e-01 3.792531034895315623e-01
2.081812550581494531e-02 -4.175001664956605740e-01 -1.006980355120565264e+03 -1.013112221220716833e+03 -4.028155608920896968e-01 -3.095207112064766761e+02 -1.008255987632119513e+03 3.339961727516911894e-01 3.339961710997488842e-01
2.620834159861067797e-02 -3.551472262644311817e-01 -1.355018394513382646e+03 -1.367400036955647465e+03 -3.426504105815785794e-01 -3.238207109663108554e+02 -1.359774761715431850e+03 2.842114457205978106e-01 2.842114446379030435e-01
3.297707069353843917e-02 -2.913200694873979146e-01 -1.755557467260069643e+03 -1.777866825557478251e+03 -2.810651919271975885e-01 -3.152277584589888306e+02 -1.766496958227688765e+03 2.332073432671649404e-01 2.332073426046796238e-01
4.095687481729270302e-02 -2.362452854195088991e-01 -2.192877433504478176e+03 -2.225719733003549663e+03 -2.279264291266211162e-01 -2.921411355172094204e+02 -2.210249254600685617e+03 1.891650827251982470e-01 1.891650823295191741e-01
4.769128111748335841e-02 -2.043633749208557671e-01 -2.573858948976215288e+03 -2.610989777839406997e+03 -1.971655988004883675e-01 -2.730921948944483688e+02 -2.592746180813181127e+03 1.636572675869304994e-01 1.636572673152141555e-01
5.257408315740727534e-02 -1.874879345530141572e-01 -2.873728073906284408e+03 -2.910644869313911386e+03 -1.808836197299972803e-01 -2.616402839318769793e+02 -2.890818015892969470e+03 1.501518090739826505e-01 1.501518088602833145e-01
5.659956586758269070e-02 -1.762877814713208202e-01 -3.136249644249513040e+03 -3.171355023628800609e+03 -1.700773774628123736e-01 -2.534368432153349033e+02 -3.150414313625526574e+03 1.411869895949523779e-01 1.411869894166601913e-01
6.019323165754984079e-02 -1.676520143993348033e-01 -3.377693256931242104e+03 -3.410583164384096563e+03 -1.617453836916107335e-01 -2.466185764103406655e+02 -3.388710630352511089e+03 1.342741313835756345e-01 1.342741312303899204e-01
6.354465018369143126e-02 -1.603098213065367039e-01 -3.603082955504452002e+03 -3.634015539502577667e+03 -1.546615187849875728e-01 -2.402838893612034497e+02 -3.611255261326294203e+03 1.283965555597583463e-01 1.283965554259897390e-01
6.675411010677707868e-02 -1.536324220954642661e-01 -3.813338361503082979e+03 -3.843025248511485188e+03 -1.482191193538169305e-01 -2.339260843810566541e+02 -3.819340503460990931e+03 1.230511045744881043e-01 1.230511044565934797e-01
6.988172453642764459e-02 -1.472779175868144941e-01 -4.007794720007033902e+03 -4.037278158354688912e+03 -1.420883154604991594e-01 -2.273705319990768601e+02 -4.012581167128636025e+03 1.179640708559399204e-01 1.179640707514646447e-01
7.296696933989939293e-02 -1.410581539818402952e-01 -4.185336679797092984e+03 -4.215884089136304283e+03 -1.360875647781161213e-01 -2.205138369170819601e+02 -4.190055831360189586e+03 1.129848809906537216e-01 1.129848808977923641e-01
7.603765997589209680e-02 -1.348815995410284074e-01 -4.345106383151481168e+03 -4.378100894101557060e+03 -1.301285496799178820e-01 -2.132053598983721088e+02 -4.351007341336534409e+03 1.080402202126734823e-01 1.080402201300527665e-01
7.911454529889075382e-02 -1.287231651947199629e-01 -4.486986486007496751e+03 -4.523805809455697272e+03 -1.241870560799955836e-01 -2.055041077699213190e+02 -4.495314693896884819e+03 1.031099439355517428e-01 1.031099438620352582e-01
8.221385964216429421e-02 -1.226059622236130853e-01 -4.611970938894869505e+03 -4.653855089815761858e+03 -1.182853687874043380e-01 -1.975858633424252275e+02 -4.623852127947401641e+03 9.821254818230812367e-02 9.821254811689117403e-02
8.534883475414022092e-02 -1.165877750705302945e-01 -4.722412301813646081e+03 -4.770327944711598320e+03 -1.124792286303817890e-01 -1.895198207360292599e+02 -4.738731308230684590e+03 9.339422074660232165e-02 9.339422068841676805e-02
8.853064283441744453e-02 -1.107496841440543667e-01 -4.822167791397406290e+03 -4.876677176228577991e+03 -1.068468497018998653e-01 -1.814330260226649898e+02 -4.843451197638146368e+03 8.871984981560269989e-02 8.871984976385680066e-02
9.176900992719827510e-02 -1.051837752860718678e-01 -4.916523125259304834e+03 -4.977674346213977515e+03 -1.014770647779248136e-01 -1.735779365671261019e+02 -4.942840461907708232e+03 8.426313262604478993e-02 8.426313257999289152e-02
9.507262892646779762e-02 -9.998032389931847674e-02 -5.011881279522501245e+03 -5.079143895890247222e+03 -9.645696295738576120e-02 -1.661547204817386501e+02 -5.042785038214628003e+03 8.009631663167962601e-02 8.009631659062767250e-02
9.844944571560064472e-02 -9.521703494789875155e-02 -5.115331857050690815e+03 -5.187577626554644667e+03 -9.186150413449463425e-02 -1.592726975825248417e+02 -5.149837358223167939e+03 7.628164563554708233e-02 7.628164559886475848e-02
1.019068621252263857e-01 -9.094522800677580510e-02 -5.233763544154801821e+03 -5.309337114970008770e+03 -8.774019665208825092e-02 -1.530303655749431471e+02 -5.270409139351748308e+03 7.286023353995421670e-02 7.286023350707360180e-02
1.054518826547446858e-01 -8.718165361772273192e-02 -5.372987064130257750e+03 -5.449852358917793026e+03 -8.410919997660012970e-02 -1.475101906544468022e+02 -5.409962284812745565e+03 6.984553445313280984e-02 6.984553442354386743e-02
1.090912221330706533e-01 -8.390201291725510324e-02 -5.536670806394105966e+03 -5.612647691283837048e+03 -8.094507384803256711e-02 -1.427168667584723494e+02 -5.572025403044185623e+03 6.721814956098176586e-02 6.721814953424251615e-02
1.128313855953949896e-01 -8.103946532308570205e-02 -5.725349275452116672e+03 -5.798421506167829648e+03 -7.818333616067024705e-02 -1.385505512988021053e+02 -5.757267006490851600e+03 6.492464808820527788e-02 6.492464806394748766e-02
1.166787279874305638e-01 -7.848945989025434000e-02 -5.935723176946125022e+03 -6.004383163357121703e+03 -7.572312640509400172e-02 -1.348372731492320327e+02 -5.962830224906266267e+03 6.288139170560516633e-02 6.288139168353666653e-02
1.206394989759898007e-01 -7.612044155950403734e-02 -6.160432881272809936e+03 -6.224011729561962056e+03 -7.343753164005907552e-02 -1.313558684523429747e+02 -6.182095244575053584e+03 6.098313007783815604e-02 6.098313005773432077e-02
1.247198766315051471e-01 -7.379093003597894662e-02 -6.388583823072352061e+03 -6.447496840065981814e+03 -7.119006384886519823e-02 -1.278726455239599886e+02 -6.405131323159288513e+03 5.911664243530406759e-02 5.911664241699851607e-02
1.289259927523367377e-01 -7.137105496160096874e-02 -6.607168085560660074e+03 -6.663003881919225933e+03 -6.885543480316839993e-02 -1.241700109562313941e+02 -6.619980098456542692e+03 5.717797620610128029e-02 5.717797618947128430e-02
1.332639519395265038e-01 -6.876582728021117530e-02 -6.803415502985563762e+03 -6.858801912030620770e+03 -6.634200580033890182e-02 -1.200859617370492316e+02 -6.814807681063846758e+03 5.509108044517176811e-02 5.509108043012241746e-02
1.377398460901775312e-01 -6.593462101418619270e-02 -6.967711024484699010e+03 -7.025927527408877722e+03 -6.361058264696040077e-02 -1.155496508412591083e+02 -6.980594650206783626e+03 5.282339289913957209e-02 5.282339288558827312e-02
1.423597656850012216e-01 -6.290192110500840428e-02 -7.096510702772057812e+03 -7.160871775556825014e+03 -6.068478305626787139e-02 -1.106040288691901736e+02 -7.113845070027906331e+03 5.039447568503611224e-02 5.039447567289597613e-02
1.471298090529082336e-01 -5.975520572539268216e-02 -7.194443511719023263e+03 -7.267543141996497980e+03 -5.764899616153287137e-02 -1.053972351099690030e+02 -7.218561025379580315e+03 4.787428988643090133e-02 4.787428987560260474e-02
1.520560906705344939e-01 -5.662864789970604995e-02 -7.274812419285568467e+03 -7.357798902651438766e+03 -5.463265812809581234e-02 -1.001709769376445252e+02 -7.306766382921088734e+03 4.537019379921319179e-02 4.537019378957950905e-02
1.571447494749977913e-01 -5.367370991106731881e-02 -7.357774540235704990e+03 -7.449864972243384727e+03 -5.178188455330159229e-02 -9.520490963455742417e+01 -7.396896933487309070e+03 4.300340749604725926e-02 4.300340748747627506e-02
1.624019581183401839e-01 -5.102171539618735596e-02 -7.465971591910606548e+03 -7.564419847963014035e+03 -4.922336483378801641e-02 -9.075027515722516114e+01 -7.509833149046121434e+03 4.087905199959567665e-02 4.087905199194780126e-02
1.678339340610477959e-01 -4.874659139411045145e-02 -7.618093801816458836e+03 -7.718736413897737293e+03 -4.702841900213449583e-02 -8.693630865628590243e+01 -7.662981249838113399e+03 3.905631478560907949e-02 3.905631477875062818e-02
1.734469533822585174e-01 -4.684004749310641952e-02 -7.822103179767994334e+03 -7.920455479378408199e+03 -4.518904908245384433e-02 -8.372222951593069240e+01 -7.863992481787583529e+03 3.752863645847087648e-02 3.752863645228713546e-02
1.792473681711116706e-01 -4.520984778399223664e-02 -8.070576130322384415e+03 -8.163234840465475827e+03 -4.361627856247212581e-02 -8.097572579098155643e+01 -8.106387049194591782e+03 3.622219849760092286e-02 3.622219849200176284e-02
1.852416283549576936e-01 -4.371180653946816347e-02 -8.341961384411906693e+03 -8.427856532842764864e+03 -4.217101069529047286e-02 -7.847963327519920540e+01 -8.370679318620292179e+03 3.502164722755144594e-02 3.502164722247158579e-02
1.914363088159334592e-01 -4.218052599332914460e-02 -8.603405537476432073e+03 -8.684436076525626049e+03 -4.069368328661127771e-02 -7.585790317222546264e+01 -8.626672142049466856e+03 3.379463130417564160e-02 3.379463129957833295e-02
1.978381426500226969e-01 -4.048837690713179976e-02 -8.821933026513763252e+03 -8.902541592127108743e+03 -3.906117234012668193e-02 -7.296932177001012576e+01 -8.843691790036808015e+03 3.243893509556115828e-02 3.243893509142160847e-02
2.044540614366398001e-01 -3.860795374839884331e-02 -8.981374119110309039e+03 -9.066983704140577174e+03 -3.724703722739640399e-02 -6.968628086749363604e+01 -9.006473420563776017e+03 3.093259309630206830e-02 3.093259309260064024e-02
2.112912434186454136e-01 -3.661758763602305372e-02 -9.090924463108802229e+03 -9.185744763877695732e+03 -3.532684099531355898e-02 -6.622389001185557333e+01 -9.123149535127664421e+03 2.933829261586407000e-02 2.933829261257110341e-02
2.183571705513595307e-01 -3.465997847222542644e-02 -9.182419056404331059e+03 -9.287518778415915222e+03 -3.343824738062808194e-02 -6.276307170904615162e+01 -9.222759213024708515e+03 2.777019909170775486e-02 2.777019908878573112e-02
2.256596954756984463e-01 -3.287621690871893321e-02 -9.297071567969684111e+03 -9.409710947285448128e+03 -3.171736490772431721e-02 -5.962627058399667845e+01 -9.343112871096958770e+03 2.634126567011821005e-02 2.634126566751919876e-02
2.332071196186495665e-01 -3.134948965681960686e-02 -9.468218895968431752e+03 -9.583014259739200497e+03 -3.024444956717262795e-02 -5.694706420265917757e+01 -9.515159717255231953e+03 2.511802627358608250e-02 2.511802627126238918e-02
2.410082838404624950e-01 -3.006765443071906033e-02 -9.703791573508940928e+03 -9.815405500552064041e+03 -2.900778536715339570e-02 -5.468549564116900541e+01 -9.746827415946794645e+03 2.409086382098787893e-02 2.409086381889874104e-02
2.490726733524173120e-01 -2.892323403578957522e-02 -9.976766838647903569e+03 -1.008284005279772282e+04 -2.790369074787844850e-02 -5.265768971789610475e+01 -1.001372759859485086e+04 2.317376748141310172e-02 2.317376747952968122e-02
2.574105390470100008e-01 -2.777428054532059265e-02 -1.023779578025562296e+04 -1.034039474232046086e+04 -2.679522833939750742e-02 -5.062091557841677059e+01 -1.027047439576630677e+04 2.225311906478687901e-02 2.225311906309179744e-02
2.660330379459330818e-01 -2.652971041996838100e-02 -1.044539364157616728e+04 -1.054983424302910316e+04 -2.559452712355666029e-02 -4.840117327692046700e+01 -1.047852021651003088e+04 2.125601474769758456e-02 2.125601474618024969e-02
2.749523962221981921e-01 -2.519636815894583590e-02 -1.059225398255278924e+04 -1.070369212883394539e+04 -2.430819111148075154e-02 -4.602150271351937505e+01 -1.063046290504592798e+04 2.018785574618157594e-02 2.018785574483112147e-02
2.841820992472194329e-01 -2.387066398470841580e-02 -1.071406576938469152e+04 -1.083397890042291692e+04 -2.302922338171501174e-02 -4.364948416285248811e+01 -1.075872520447920397e+04 1.912583534898672916e-02 1.912583534778789993e-02
2.937371144283142943e-01 -2.266848942791617125e-02 -1.086727768787643072e+04 -1.099246156432902535e+04 -2.186942571222321927e-02 -4.149836770146607279e+01 -1.091554120088419586e+04 1.816271039239710297e-02 1.816271039133034865e-02
3.036341543436755219e-01 -2.163036590832884132e-02 -1.108224487694805066e+04 -1.120738811370355688e+04 -2.086789168725432242e-02 -3.962064368865719644e+01 -1.112934306880686927e+04 1.733090810231784074e-02 1.733090810136466917e-02
3.138919900014220388e-01 -2.070116101469621564e-02 -1.133985464830344063e+04 -1.146191980703493755e+04 -1.997143546967881933e-02 -3.794231285022623723e+01 -1.138302195607930844e+04 1.658632378333056712e-02 1.658632378247651765e-02
3.245318271633457763e-01 -1.978420672527878704e-02 -1.158805331821663458e+04 -1.170878130909644460e+04 -1.908680019513424655e-02 -3.630366424336368425e+01 -1.162879702207393530e+04 1.585160464597176744e-02 1.585160464520739276e-02
3.355777628968756310e-01 -1.882157402109755490e-02 -1.178639558312627560e+04 -1.191048754291765181e+04 -1.815810156634948755e-02 -3.454746377117558609e+01 -1.182891257837414378e+04 1.508035289333491298e-02 1.508035289265460127e-02
3.470573453133869446e-01 -1.784465009365167679e-02 -1.194843794527737919e+04 -1.207887454716980938e+04 -1.721561713253388567e-02 -3.277855004275512840e+01 -1.199541397203900851e+04 1.429768716552306564e-02 1.429768716491962993e-02
3.590022675081622761e-01 -1.692606960456286003e-02 -1.212466273852927952e+04 -1.225981585700195683e+04 -1.632941714262057045e-02 -3.112317284490970337e+01 -1.217466074125851446e+04 1.356174317106521518e-02 1.356174317052981880e-02
3.714492380842650543e-01 -1.610234886390920703e-02 -1.234983278016143959e+04 -1.248566344229112474e+04 -1.553473084385907470e-02 -2.962283150379142782e+01 -1.239921532901661521e+04 1.290174009605842866e-02 1.290174009558243615e-02
3.844410869336386538e-01 -1.533322462195393227e-02 -1.259993387476907810e+04 -1.273493267731868764e+04 -1.479271642750997103e-02 -2.822316453928367608e+01 -1.264730714029171395e+04 1.228546227470295876e-02 1.228546227427959776e-02
3.980281886988606965e-01 -1.456307828964210731e-02 -1.282847283042793242e+04 -1.296526626834346462e+04 -1.404971768153669837e-02 -2.682636853099433338e+01 -1.287614903571011382e+04 1.166840148877325983e-02 1.166840148839789690e-02
4.122703216106688995e-01 -1.378743656003186997e-02 -1.302788498787365825e+04 -1.316930043605786159e+04 -1.330141861918991003e-02 -2.539468712648735860e+01 -1.307838392549908167e+04 1.104696473387070665e-02 1.104696473353946815e-02
4.272391328473755800e-01 -1.304577082163052050e-02 -1.323728731334921213e+04 -1.338243836862401804e+04 -1.258589728559439402e-02 -2.404610157125189218e+01 -1.328981485076358513e+04 1.045273427014255761e-02 1.045273426985053253e-02
4.430214643753784820e-01 -1.235413104618511386e-02 -1.348000295864806867e+04 -1.362628791563804407e+04 -1.191863723612912422e-02 -2.277345055996615386e+01 -1.353220661189849307e+04 9.898562108939931367e-03 9.898562108682699631e-03
4.597239247053869216e-01 -1.168701831284157076e-02 -1.373289790982918203e+04 -1.388056471353291090e+04 -1.127504003649823505e-02 -2.155699886340311267e+01 -1.378493240999297632e+04 9.364044273819390959e-03 9.364044273593287102e-03
4.774793064618576555e-01 -1.102065592701852517e-02 -1.396862910859684052e+04 -1.411990833695760921e+04 -1.063216754996756420e-02 -2.033253644417927219e+01 -1.402245209102413173e+04 8.830146004478636734e-03 8.830146004280937239e-03
4.964558102285431818e-01 -1.037165593875037477e-02 -1.421111895022904719e+04 -1.436576818134586210e+04 -1.000604527388135150e-02 -1.914537200386444482e+01 -1.426649226348114462e+04 8.310153347441805172e-03 8.310153347269626928e-03
5.168706622410320639e-01 -9.751095877431444764e-03 -1.448310242280018974e+04 -1.463969924942628859e+04 -9.407359976422953463e-03 -1.800148205346307861e+01 -1.453868100284564207e+04 7.812936083352565661e-03 7.812936083203197296e-03
5.390108467112463275e-01 -9.136619303303753978e-03 -1.475789189816685575e+04 -1.491750521697930526e+04 -8.814544097441413123e-03 -1.687299923315068639e+01 -1.481455631868244200e+04 7.320599834517018539e-03 7.320599834388278639e-03
5.632658120542870517e-01 -8.527963957957691854e-03 -1.504197795133703039e+04 -1.520514260491906316e+04 -8.227344370785150129e-03 -1.576546607047839998e+01 -1.510012766029777958e+04 6.832928280734861838e-03 6.832928280624734653e-03
5.901812496498822780e-01 -7.929191267070789459e-03 -1.535479762609689897e+04 -1.552087538613553988e+04 -7.649678755022643398e-03 -1.465432097216593732e+01 -1.541374803685936968e+04 6.353169870888492922e-03 6.353169870795241994e-03
6.205519319481119789e-01 -7.326722018596685745e-03 -1.568574719361188545e+04 -1.585564761392462424e+04 -7.068447096660281613e-03 -1.354469010491989955e+01 -1.574616533528421860e+04 5.870452393210191799e-03 5.870452393132229857e-03
6.555914446248338745e-01 -6.718524589742367811e-03 -1.605402287316119509e+04 -1.622774227591155795e+04 -6.481689112372897126e-03 -1.242255563051494249e+01 -1.611571065117322178e+04 5.383143207289981143e-03 5.383143207225917805e-03
6.972641270728331397e-01 -6.092252031468957038e-03 -1.646700466394973773e+04 -1.664527108389076238e+04 -5.877493255145157733e-03 -1.127851095215382671e+01 -1.653033817598831592e+04 4.881351941383667986e-03 4.881351941332262058e-03
7.489860481473911147e-01 -5.435181973438707112e-03 -1.695139386028021909e+04 -1.713483998190675993e+04 -5.243585544634297123e-03 -1.006630777743461813e+01 -1.701652967919074581e+04 4.354883751376178655e-03 4.354883751336416191e-03
8.172246958700447594e-01 -4.725340929054588218e-03 -1.754530708306760062e+04 -1.773515327246217566e+04 -4.558767127207688855e-03 -8.749119850805708865e+00 -1.761269468908638009e+04 3.786133026998100056e-03 3.786133026969067724e-03
9.152789718252951623e-01 -3.934179339014329951e-03 -1.832342974344013055e+04 -1.852166314477442938e+04 -3.795495003398859611e-03 -7.287531340916008737e+00 -1.839377049652917776e+04 3.152222178427063152e-03 3.152222178407784736e-03
1.070301791652423562e+00 -3.047550710578883059e-03 -1.940933267656231328e+04 -1.961927796457531076e+04 -2.940120926421280895e-03 -5.653585999794434436e+00 -1.948380251818195393e+04 2.441823338666381047e-03 2.441823338655446651e-03
1.317123541579720447e+00 -2.163531512951994036e-03 -2.086721704778354979e+04 -2.109289835236044019e+04 -2.087264512508177523e-03 -4.014082256374585711e+00 -2.094724311160459183e+04 1.733512089205961615e-03 1.733512089200835290e-03
1.655384394845416107e+00 -1.476414281786592869e-03 -2.249338852653008871e+04 -2.273664672389966654e+04 -1.424369077107001755e-03 -2.740313322958103814e+00 -2.257963514972053235e+04 1.182965917383252061e-03 1.182965917381036819e-03
2.083952600795073273e+00 -1.000207746673915975e-03 -2.414986869660346929e+04 -2.441106841379762409e+04 -9.649494983205908396e-04 -1.853221811237091732e+00 -2.424248468380234408e+04 8.014094921555491675e-04 8.014094921546030927e-04
2.623540688615224159e+00 -6.747870333574822925e-04 -2.582205423826460537e+04 -2.610142656277382775e+04 -6.510003151145751614e-04 -1.253849250870495480e+00 -2.592115238689807666e+04 5.406693153062826262e-04 5.406693153058789777e-04
3.302842041669530104e+00 -4.535528629116703111e-04 -2.750745939784163784e+04 -2.780524738631350192e+04 -4.375649802771369571e-04 -8.405390540490351725e-01 -2.761317505263627027e+04 3.634073976544534182e-04 3.634073976542824937e-04
4.158031777399895823e+00 -3.038220060386172304e-04 -2.920376625330399474e+04 -2.952025483898451785e+04 -2.931123750458218134e-04 -5.637879389293370958e-01 -2.931628171190815920e+04 2.434368410613212065e-04 2.434368410612489445e-04
5.234651867616397780e+00 -2.028953017471769968e-04 -3.090913432293007645e+04 -3.124469838033040287e+04 -1.957435031496866141e-04 -3.777156248530547100e-01 -3.102871661086089443e+04 1.625703087005078750e-04 1.625703087004773547e-04
6.590036258038080241e+00 -1.351142830928273725e-04 -3.262181105339272108e+04 -3.297698869760328671e+04 -1.303518893821559610e-04 -2.495447521938463364e-01 -3.274887290943254629e+04 1.082614339872151824e-04 1.082614339872024431e-04
8.296364109889083238e+00 -8.974462415985653041e-05 -3.434015349789790343e+04 -3.471576572821139416e+04 -8.658160410992505143e-05 -1.666893375012301892e-01 -3.447535308986550081e+04 7.190947867840926668e-05 7.190947867840388633e-05
1.044450360343646445e+01 -5.946785729977421234e-05 -3.606244869365158229e+04 -3.645979449549490528e+04 -5.737216564360803431e-05 -1.108642855718301040e-01 -3.620685334872666135e+04 4.765058100672683292e-05 4.765058100672457642e-05
