# Tk at z_eff=1.2287 (p=3.0, SGC) raw output of classy 
#  dict_keys(['k (h/Mpc)', 'd_g', 'd_b', 'd_cdm', 'd_ur', 'd_ncdm[0]', 'd_tot', 'phi', 'psi'])
1.043377881430805103e-05 -7.265872351733718799e-04 -5.450848525340143457e-04 -5.450848657262766239e-04 -7.265823708626767538e-04 -5.450314323868522002e-04 -5.451872424858672517e-04 5.803490870593114304e-01 5.800054196150715713e-01
1.313534929037202208e-05 -1.151383879002940060e-03 -8.639006642357084480e-04 -8.639006973719527390e-04 -1.151371661741845557e-03 -8.638145760549594508e-04 -8.640628433520715227e-04 5.803485510705596040e-01 5.800049608326062200e-01
1.653642501444182178e-05 -1.824370369436250326e-03 -1.369188869377152215e-03 -1.369188952604872287e-03 -1.824339686973890226e-03 -1.369048854566663189e-03 -1.369445659802725210e-03 5.803477494663176195e-01 5.800042815010371111e-01
2.081812567090954053e-05 -2.890301743495220753e-03 -2.170014441074718473e-03 -2.170014650112369377e-03 -2.890224694702579148e-03 -2.169783554638577902e-03 -2.170420808330736275e-03 5.803464448392250397e-01 5.800031706747943439e-01
2.620846743303251739e-05 -4.577981318669308887e-03 -3.439231823250496912e-03 -3.439232348228850669e-03 -4.577787872210859789e-03 -3.438843342103004800e-03 -3.439874319963015601e-03 5.803443679705874159e-01 5.800014007073508449e-01
3.299450565562448486e-05 -7.248487622392833958e-03 -5.450791838998423657e-03 -5.450793157316027177e-03 -7.248002060245679889e-03 -5.450119495592284022e-03 -5.451806232211926784e-03 5.803410850370841478e-01 5.799986038648509146e-01
4.153762161945203773e-05 -1.147020590763912253e-02 -8.638864320915057987e-03 -8.638867630895573357e-03 -1.146898764579831233e-02 -8.637656460501238337e-03 -8.640462252500145587e-03 5.803358752559811817e-01 5.799941633269570795e-01
5.229276740221896000e-05 -1.813424263786183460e-02 -1.369153015471842941e-02 -1.369153846321915884e-02 -1.813118810052898044e-02 -1.368925850841841083e-02 -1.369403820257229093e-02 5.803276213989928545e-01 5.799871259263562617e-01
6.583269373569511308e-05 -2.862862476471767642e-02 -2.169924388187893446e-02 -2.169926472855267935e-02 -2.862097441319686603e-02 -2.169474620184278293e-02 -2.170315750501974547e-02 5.803145603058381674e-01 5.799759859077902036e-01
8.287845107072927249e-05 -4.509279827135929258e-02 -3.439005725691956367e-02 -3.439010952860008241e-02 -4.507366999014714853e-02 -3.438067553802428428e-02 -3.439610652020275855e-02 5.802938877285119812e-01 5.799583407843865723e-01
1.043377881430805848e-04 -7.076800320771897690e-02 -5.450224252366536043e-02 -5.450237345566529695e-02 -7.072030556794635381e-02 -5.448171605798911299e-02 -5.451144749826855596e-02 5.802612047716866339e-01 5.799304130989236805e-01
1.313534929037203224e-04 -1.104243804455007499e-01 -8.637440369070915891e-02 -8.637473111631492617e-02 -1.103059519170590530e-01 -8.632767164628674106e-02 -8.638804329657383263e-02 5.802096136049277320e-01 5.798862517194782740e-01
1.653642501444183466e-04 -1.707348138908882651e-01 -1.368796038902858059e-01 -1.368804205656489470e-01 -1.704427617006974705e-01 -1.367699143523415650e-01 -1.368988814402416210e-01 5.801283596759023720e-01 5.798165089602962396e-01
2.081812567090955408e-04 -2.601785943072964513e-01 -2.169030450951418554e-01 -2.169050737653200056e-01 -2.594660997837813232e-01 -2.166398899144887091e-01 -2.169278949506388832e-01 5.800008478768446940e-01 5.797065933762717282e-01
2.620846743303253501e-04 -3.874286233004540780e-01 -3.436771154308435050e-01 -3.436821222851120239e-01 -3.857199640150520414e-01 -3.430364039826191425e-01 -3.437028435674056026e-01 5.798018561886812972e-01 5.795339241962497168e-01
3.299450565562450925e-04 -5.560951598490972980e-01 -5.444653892893538405e-01 -5.444776212223390033e-01 -5.521078781344620490e-01 -5.428909344505716827e-01 -5.444743778847430660e-01 5.794939481692559236e-01 5.792640368883527069e-01
4.153762161945206348e-04 -7.528426768333920105e-01 -8.623613098491210716e-01 -8.623907221088076280e-01 -7.439336563405685165e-01 -8.584727603678775631e-01 -8.623048473732924935e-01 5.790235251160816832e-01 5.788454574882778703e-01
5.229276740221899117e-04 -9.291172461748675726e-01 -1.365385511263343288e+00 -1.365454512265487308e+00 -9.105456473980784171e-01 -1.355766116579451008e+00 -1.365149821991328505e+00 5.783177703512122347e-01 5.782038427580639128e-01
6.583269373569515916e-04 -9.948283594061517743e-01 -2.160696373265079018e+00 -2.160852269668279479e+00 -9.601771516139887552e-01 -2.136937593961350856e+00 -2.160054138375761212e+00 5.772842557017439091e-01 5.772370715498449378e-01
8.287845107072932399e-04 -8.822629506657160281e-01 -3.416669085328686073e+00 -3.417002196995521324e+00 -8.280455258954328990e-01 -3.358287195439042083e+00 -3.415241446122079694e+00 5.758123019093432937e-01 5.758141337484387057e-01
1.043377881430806661e-03 -7.167024238756559695e-01 -5.396979856142101184e+00 -5.397638301611061173e+00 -6.518842892722087612e-01 -5.254895792696713031e+00 -5.394231026877633894e+00 5.737646604838463338e-01 5.737779507514922939e-01
1.313534929037204037e-03 -7.776406489199660932e-01 -8.512762103439325045e+00 -8.513946085405683206e+00 -7.229764148905436505e-01 -8.172388635055432005e+00 -8.507831361809097714e+00 5.709397602046673015e-01 5.709382330835257591e-01
1.653642501444184225e-03 -8.125207577604914855e-01 -1.340110442834199311e+01 -1.340307475670028481e+01 -7.794005160340953253e-01 -1.260507485932488159e+01 -1.339203147189360976e+01 5.670239238732879272e-01 5.670215952303770957e-01
2.081812567090956384e-03 -6.507501939875729446e-01 -2.104169744645528084e+01 -2.104500193175426404e+01 -6.421763597353928876e-01 -1.924196883639550038e+01 -2.102479599454631654e+01 5.616604909219000685e-01 5.616616465468374786e-01
2.620846743303254910e-03 -7.243886059320097104e-01 -3.292559441840514722e+01 -3.293169119413185797e+01 -6.986391399168231375e-01 -2.902863046056283380e+01 -3.289486713919427530e+01 5.544504771973158830e-01 5.544492444111200902e-01
3.299450565562452118e-03 -7.247918668510294760e-01 -5.129578811594432608e+01 -5.130765269730013500e+01 -6.919733634934513988e-01 -4.324730146898452432e+01 -5.124073047441064688e+01 5.449350923872056107e-01 5.449336009451910545e-01
4.153762161945208191e-03 -6.925521751391267022e-01 -7.947627896494660149e+01 -7.950005319253253333e+01 -6.540647484491911579e-01 -6.352922241854918184e+01 -7.937952554917112025e+01 5.326410651583401989e-01 5.326400148608020357e-01
5.229276740221901719e-03 -6.496636170745426764e-01 -1.222984483937944731e+02 -1.223488321086001918e+02 -6.683052819840546999e-01 -9.164986790208718048e+01 -1.221332743657516602e+02 5.170802313206722678e-01 5.170797914723855859e-01
6.583269373569518301e-03 -5.620555346046696155e-01 -1.866086224594693590e+02 -1.867189845082185684e+02 -5.439854033463281668e-01 -1.294938810538347980e+02 -1.863375836414752200e+02 4.977622534026840961e-01 4.977621656265150407e-01
8.287845107072935869e-03 -5.374604441480559380e-01 -2.817609147371446170e+02 -2.820090123468951333e+02 -5.224171469610445762e-01 -1.784200262403587374e+02 -2.813423860253687963e+02 4.741938257077121244e-01 4.741938075269396813e-01
1.043377881430807008e-02 -5.052191982177359764e-01 -4.198662079465784132e+02 -4.204309906624490623e+02 -4.910800156240419656e-01 -2.373424435842312334e+02 -4.192767474460919743e+02 4.458830164396760942e-01 4.458830120719314838e-01
1.313534929037204514e-02 -4.670863596531489303e-01 -6.152451332774178354e+02 -6.165295097139467089e+02 -4.540086453224552177e-01 -3.013110431156075038e+02 -6.145536413562383586e+02 4.123628448330675100e-01 4.123628430527059296e-01
1.653642501441474066e-02 -4.227016597532546327e-01 -8.821720523571578951e+02 -8.850440411006628665e+02 -4.108611801529160612e-01 -3.685261395513488196e+02 -8.817562340731001314e+02 3.733085652506274998e-01 3.733085641181027592e-01
2.081812550581494531e-02 -3.720799019380478523e-01 -1.229845969958589876e+03 -1.236034026441097922e+03 -3.616515156124243680e-01 -4.179491334703939174e+02 -1.230662271373937074e+03 3.287441811867802266e-01 3.287441803955185593e-01
2.620834159861067797e-02 -3.164775746707461646e-01 -1.655605077893741054e+03 -1.668080546369718377e+03 -3.076031204738645664e-01 -4.441457915604392497e+02 -1.659639927055551198e+03 2.797287054389807626e-01 2.797287049133671544e-01
3.297707069353843917e-02 -2.595728836884971247e-01 -2.146075047262178032e+03 -2.168531282122275570e+03 -2.522906941695942651e-01 -4.390317747452141361e+02 -2.155951096472301742e+03 2.295180540798146263e-01 2.295180537540385257e-01
4.095687481729270302e-02 -2.104797021270891355e-01 -2.681526952433138376e+03 -2.714566323493003893e+03 -2.045724748425416517e-01 -4.126233299399121393e+02 -2.697423592035036108e+03 1.861647816793535193e-01 1.861647814823847447e-01
4.769128111748335841e-02 -1.820629386236974068e-01 -3.147117170610689755e+03 -3.184461810785961006e+03 -1.769519338032024269e-01 -3.892806229825243918e+02 -3.164145511071814781e+03 1.610572978828548329e-01 1.610572977464929112e-01
5.257408315740727534e-02 -1.670221493158780823e-01 -3.512932854280541960e+03 -3.550059755372655218e+03 -1.623326561923786882e-01 -3.750768433784789977e+02 -3.527853476303886509e+03 1.477641338929221726e-01 1.477641337851370307e-01
5.659956586758269070e-02 -1.570399184893047362e-01 -3.832893294468487511e+03 -3.868199143292537883e+03 -1.526302082098784096e-01 -3.647853059646438965e+02 -3.844614287109114684e+03 1.389403742494218774e-01 1.389403741591719865e-01
6.019323165754984079e-02 -1.493435334973659268e-01 -4.127063545734205036e+03 -4.160143976540060066e+03 -1.451495791399786961e-01 -3.561085828253641239e+02 -4.135384734595790178e+03 1.321364009188164823e-01 1.321364008410533530e-01
6.354465018369143126e-02 -1.428004001999135242e-01 -4.401692879970526519e+03 -4.432808767671280293e+03 -1.387899146554369967e-01 -3.479417011224841190e+02 -4.406934489179120646e+03 1.263515198001012030e-01 1.263515197320245198e-01
6.675411010677707868e-02 -1.368501237461443309e-01 -4.657985352568725830e+03 -4.687853056579682743e+03 -1.330065272910466445e-01 -3.396132047654936059e+02 -4.660839946622627394e+03 1.210904853849835844e-01 1.210904853248481600e-01
6.988172453642764459e-02 -1.311879534108348067e-01 -4.895189844015329982e+03 -4.924857733193115564e+03 -1.275032099769297933e-01 -3.308054841308039045e+02 -4.896630455399955281e+03 1.160838878611958336e-01 1.160838878078035430e-01
7.296696933989939293e-02 -1.256461705895271230e-01 -5.111986312553408425e+03 -5.142728737484232624e+03 -1.221169405172981698e-01 -3.214396324460736309e+02 -5.113181609440472130e+03 1.111835246374962838e-01 1.111835245899589902e-01
7.603765997589209680e-02 -1.201432787353954174e-01 -5.307349774350710504e+03 -5.340557020202620151e+03 -1.167685071610120168e-01 -3.114067461830022125e+02 -5.309570251046543490e+03 1.063172450195563057e-01 1.063172449771868228e-01
7.911454529889075382e-02 -1.146568130623452086e-01 -5.481136303966119158e+03 -5.518192852707757083e+03 -1.114360684901317955e-01 -3.006970278595603645e+02 -5.485648282066450520e+03 1.014651985554813340e-01 1.014651985177205118e-01
8.221385964216429421e-02 -1.092072504701677160e-01 -5.634533720194544912e+03 -5.676685305553324724e+03 -1.061395165757301889e-01 -2.895362654629562371e+02 -5.642482287096067012e+03 9.664556914268167265e-02 9.664556910903675246e-02
8.534883475414022092e-02 -1.038460441964422359e-01 -5.770363093484403180e+03 -5.818580345661130195e+03 -1.009288559228399551e-01 -2.781499316736606033e+02 -5.782649583838111539e+03 9.190380586707340427e-02 9.190380583710647255e-02
8.853064283441744453e-02 -9.864542650233165677e-02 -5.893258060962753007e+03 -5.948104923581402545e+03 -9.587428619069364444e-02 -2.667112477581832195e+02 -5.910420388093381916e+03 8.730375933764041030e-02 8.730375931095243902e-02
9.176900992719827510e-02 -9.368733779576672582e-02 -6.009574670308838904e+03 -6.071098067628056015e+03 -9.105543995941851876e-02 -2.555052483608573084e+02 -6.031686656932727601e+03 8.291793619356890854e-02 8.291793616978933301e-02
9.507262892646779762e-02 -8.905213073328838158e-02 -6.127020018421062559e+03 -6.194685431672806772e+03 -8.655040890116093288e-02 -2.448618219128076703e+02 -6.153630766252405010e+03 7.881742248639943271e-02 7.881742246517932371e-02
9.844944571560064472e-02 -8.480900145219638642e-02 -6.254135679315299967e+03 -6.326807814711576611e+03 -8.242644132636837984e-02 -2.350196386329622840e+02 -6.284248719101235110e+03 7.506346562889483487e-02 7.506346560991218608e-02
1.019068621252263857e-01 -8.100367809574311739e-02 -6.399231144175601003e+03 -6.475245236540037695e+03 -7.872798010906137400e-02 -2.261136310849062738e+02 -6.431364869497449945e+03 7.169652130765655218e-02 7.169652129062101253e-02
1.054518826547446858e-01 -7.765101099647285510e-02 -6.569326140845148984e+03 -6.646635128533168427e+03 -7.546945552674265423e-02 -2.182232550187490006e+02 -6.601643389114624370e+03 6.872981514858501895e-02 6.872981513323866976e-02
1.090912221330706533e-01 -7.472936578536362728e-02 -6.768869805741494019e+03 -6.845282483346505614e+03 -7.262984197187183355e-02 -2.113469014081196917e+02 -6.799390040551658785e+03 6.614425483694903740e-02 6.614425482306825199e-02
1.128313855953949896e-01 -7.217924849582939284e-02 -6.998543772948234619e+03 -7.072034256678785823e+03 -7.015131872066909802e-02 -2.053673866566781783e+02 -7.025420929476758829e+03 6.388726437139806424e-02 6.388726435879497900e-02
1.166787279874305638e-01 -6.990754940208104840e-02 -7.254414091801629183e+03 -7.323468366639286614e+03 -6.794339431698065424e-02 -2.000481488086709589e+02 -7.276249778477159452e+03 6.187653839157235269e-02 6.187653838009705975e-02
1.206394989759898007e-01 -6.779706872256825723e-02 -7.527652090783864878e+03 -7.591599625054521312e+03 -6.589216252663190887e-02 -1.950687296597275235e+02 -7.543797864363081317e+03 6.000850027893131489e-02 6.000850026846885066e-02
1.247198766315051471e-01 -6.572186180234733388e-02 -7.805162324835033360e+03 -7.864422573681743415e+03 -6.387522147884168444e-02 -1.900738341044408060e+02 -7.815947705626732386e+03 5.817174308343863592e-02 5.817174307390420712e-02
1.289259927523367377e-01 -6.356626121705959143e-02 -8.071286403462540875e+03 -8.127458042178242067e+03 -6.178015543980418939e-02 -1.847355526936753165e+02 -8.078106777968385359e+03 5.626397307127520980e-02 5.626397306260664394e-02
1.332639519395265038e-01 -6.124568453758980763e-02 -8.310632516066067183e+03 -8.366358308297842086e+03 -5.952475999598175194e-02 -1.788112535369700709e+02 -8.315834983276157800e+03 5.421035609620123569e-02 5.421035608835064745e-02
1.377398460901775312e-01 -5.872388930391245210e-02 -8.511587110957805635e+03 -8.570163966693844486e+03 -5.707380913025654479e-02 -1.721936810323267935e+02 -8.518125266488561465e+03 5.197884289649969819e-02 5.197884288942567627e-02
1.423597656850012216e-01 -5.602273912767115338e-02 -8.669834940036342232e+03 -8.734593964431272980e+03 -5.444855227356131672e-02 -1.649467620150621485e+02 -8.680713263684685444e+03 4.958869189262300053e-02 4.958869188628144825e-02
1.471298090529082336e-01 -5.322009154529966368e-02 -8.790893638667586856e+03 -8.864440608379321930e+03 -5.172465561495761394e-02 -1.573059952744387999e+02 -8.808482086387379240e+03 4.710874138336659800e-02 4.710874137770640346e-02
1.520560906705344939e-01 -5.043540517479274538e-02 -8.890732498882565778e+03 -8.974219338373162827e+03 -4.901821701133338843e-02 -1.496314779267553661e+02 -8.916103699108905857e+03 4.464463084898083467e-02 4.464463084394152542e-02
1.571447494749977913e-01 -4.780361125448596288e-02 -8.993597240548826449e+03 -9.086234309105877401e+03 -4.646037434886671202e-02 -1.423346423343201934e+02 -9.026076123011534946e+03 4.231564914039293024e-02 4.231564913590608878e-02
1.624019581183401839e-01 -4.544155420316235011e-02 -9.126754244132460371e+03 -9.225779076083657856e+03 -4.416468294810434181e-02 -1.357593392074366534e+02 -9.163876184045961054e+03 4.022522242093803241e-02 4.022522241693227141e-02
1.678339340610477959e-01 -4.341514854182842303e-02 -9.312751890361842015e+03 -9.413978334895218723e+03 -4.219520738619377681e-02 -1.300968756693399087e+02 -9.350745967850816669e+03 3.843160059198958561e-02 3.843160058839606430e-02
1.734469533822585174e-01 -4.171695140112801486e-02 -9.561242867549412040e+03 -9.660163526131409526e+03 -4.054471126943672704e-02 -1.253694796066792918e+02 -9.596020085400479729e+03 3.692832067282610098e-02 3.692832066958439546e-02
1.792473681711116706e-01 -4.026486596115794181e-02 -9.863365037525371008e+03 -9.956561017253061436e+03 -3.913341008065863991e-02 -1.213672486080296267e+02 -9.891792241826608006e+03 3.564274727691232186e-02 3.564274727397481052e-02
1.852416283549576936e-01 -3.893051176792470397e-02 -1.019324626387922035e+04 -1.027964507070495347e+04 -3.783653405637734529e-02 -1.176346008087694202e+02 -1.021428515314345168e+04 3.446137149248647280e-02 3.446137148982106324e-02
1.914363088159334592e-01 -3.756659287073676329e-02 -1.051133944151879041e+04 -1.059285290794128196e+04 -3.651092799362704727e-02 -1.138061903417576417e+02 -1.052665085961955992e+04 3.325395874844725569e-02 3.325395874603329777e-02
1.978381426500226969e-01 -3.605945726526158662e-02 -1.077787358290051998e+04 -1.085896925184801694e+04 -3.504613727682243801e-02 -1.094924951484382092e+02 -1.079145955028438948e+04 3.191992722505897218e-02 3.191992722288487794e-02
2.044540614366398001e-01 -3.438467078770768293e-02 -1.097329815621111629e+04 -1.105942703259779410e+04 -3.341841293037538241e-02 -1.046487794364717843e+02 -1.099008367927976178e+04 3.043766070245524855e-02 3.043766070051003372e-02
2.112912434186454136e-01 -3.261204483138682719e-02 -1.110861828582949238e+04 -1.120400982576649039e+04 -3.169560319456379144e-02 -9.944844741699451163e+01 -1.113245002633269542e+04 2.886885188994783857e-02 2.886885188821719170e-02
2.183571705513595307e-01 -3.086856287235612700e-02 -1.122210338740402040e+04 -1.132782852666554027e+04 -3.000111791233745981e-02 -9.433780798098958087e+01 -1.125398982765059191e+04 2.732582969015671243e-02 2.732582968861986539e-02
2.256596954756984463e-01 -2.927992770250921473e-02 -1.136335190812914698e+04 -1.147665364759824115e+04 -2.845712521072193274e-02 -8.964135655357615917e+01 -1.140084447767584970e+04 2.591974833806157813e-02 2.591974833669436623e-02
2.332071196186495665e-01 -2.792015813686899231e-02 -1.157255358928663372e+04 -1.168801909206411256e+04 -2.713556358179482902e-02 -8.562015648050264360e+01 -1.161077596551191164e+04 2.471606844327308566e-02 2.471606844205056011e-02
2.410082838404624950e-01 -2.677847160997468695e-02 -1.185939206163961353e+04 -1.197165753612103254e+04 -2.602595250495738644e-02 -8.225869793527851925e+01 -1.189345966497397603e+04 2.370533061616947323e-02 2.370533061506990835e-02
2.490726733524173120e-01 -2.575916994454402822e-02 -1.219143490645627207e+04 -1.229813202236059806e+04 -2.503528664538076307e-02 -7.926021745768755977e+01 -1.221913574276206782e+04 2.280289973935090489e-02 2.280289973835907674e-02
2.574105390470100008e-01 -2.473584554511923730e-02 -1.250927301028997499e+04 -1.261248220012380807e+04 -2.404071371415665570e-02 -7.622549601275584052e+01 -1.253242170295410142e+04 2.189697406019481055e-02 2.189697405930185470e-02
2.660330379459330818e-01 -2.362737805765246016e-02 -1.276288091051693846e+04 -1.286794695883632994e+04 -2.296339321244773857e-02 -7.291530535429957638e+01 -1.278627965039219089e+04 2.091581551907899586e-02 2.091581551827935426e-02
2.749523962221981921e-01 -2.243992608300436273e-02 -1.294332260897490414e+04 -1.305542670602455837e+04 -2.180931404100034526e-02 -6.933300763302490566e+01 -1.297168204182609043e+04 1.986474653204143778e-02 1.986474653132971890e-02
2.841820992472194329e-01 -2.125925519264466879e-02 -1.309347169592966384e+04 -1.321409570367301603e+04 -2.066182413736939241e-02 -6.575923508759498759e+01 -1.312818714720987555e+04 1.881971635615091107e-02 1.881971635551909355e-02
2.937371144283142943e-01 -2.018859115202210897e-02 -1.328135411702993406e+04 -1.340727465936835506e+04 -1.962124734410521099e-02 -6.251426710020927402e+01 -1.331953528164004820e+04 1.787200076275903202e-02 1.787200076219684283e-02
3.036341543436755219e-01 -1.926397851576646530e-02 -1.354361744030036971e+04 -1.366949560878571538e+04 -1.872261449647803430e-02 -5.973729283358178321e+01 -1.358041627754411456e+04 1.705350249175988098e-02 1.705350249125718934e-02
3.138919900014220388e-01 -1.843639203873113572e-02 -1.385735850616982680e+04 -1.398014361122702940e+04 -1.791828164593997977e-02 -5.721933098862520950e+01 -1.388995910803108382e+04 1.632083032165516576e-02 1.632083032120464072e-02
3.245318271633457763e-01 -1.761973688974911162e-02 -1.415993122846558799e+04 -1.428137595224195866e+04 -1.712457428892305913e-02 -5.473865418955861628e+01 -1.418985858722869489e+04 1.559786749700889028e-02 1.559786749660573187e-02
3.355777628968756310e-01 -1.676243393727637476e-02 -1.440252782747451602e+04 -1.452735817025005417e+04 -1.629136449489636956e-02 -5.211767904669944329e+01 -1.443404482370362894e+04 1.483895949034092290e-02 1.483895948998194617e-02
3.470573453133869446e-01 -1.589235128605019989e-02 -1.460136977533488607e+04 -1.473257981139424373e+04 -1.544573289598836011e-02 -4.946918744286639225e+01 -1.463720665274837120e+04 1.406881347335941362e-02 1.406881347304088717e-02
3.590022675081622761e-01 -1.507425613636418672e-02 -1.481722667237423411e+04 -1.495317755301946272e+04 -1.465062768228808307e-02 -4.695127950805184014e+01 -1.485592479709850704e+04 1.334464596940899972e-02 1.334464596912648439e-02
3.714492380842650543e-01 -1.434066338773519120e-02 -1.509207324268504453e+04 -1.522870510498166186e+04 -1.393765025423690691e-02 -4.469437481606228602e+01 -1.512993323914958637e+04 1.269520786564314399e-02 1.269520786539194215e-02
3.844410869336386538e-01 -1.365567831016401175e-02 -1.539706049629700283e+04 -1.553285819459300183e+04 -1.327191409957621283e-02 -4.259199840797394643e+01 -1.543266067178752382e+04 1.208879357186610354e-02 1.208879357164263819e-02
3.980281886988606965e-01 -1.296979133213156839e-02 -1.567621482404452945e+04 -1.581381987358356673e+04 -1.260530223486209557e-02 -4.048995040775819376e+01 -1.571189907560175379e+04 1.148160938206173320e-02 1.148160938186357574e-02
4.122703216106688995e-01 -1.227899763851324558e-02 -1.592034174033437557e+04 -1.606259516294190144e+04 -1.193392157502304839e-02 -3.835941431532185675e+01 -1.595866771399288518e+04 1.087011740812008319e-02 1.087011740794511030e-02
4.272391328473755800e-01 -1.161848001841777472e-02 -1.617650180111305599e+04 -1.632251100164540549e+04 -1.129196656589366923e-02 -3.630999400006847111e+01 -1.621666102837476501e+04 1.028539881616833199e-02 1.028539881601411334e-02
4.430214643753784820e-01 -1.100249016364016411e-02 -1.647283102723804041e+04 -1.661998117301009552e+04 -1.069328668674910526e-02 -3.440651717934965603e+01 -1.651242968488638144e+04 9.740094966973365451e-03 9.740094966837463744e-03
4.597239247053869216e-01 -1.040836110398942436e-02 -1.678162630326884755e+04 -1.693016817454335978e+04 -1.011585401467139482e-02 -3.257174883457805237e+01 -1.682081132785848604e+04 9.214132955594022192e-03 9.214132955474550052e-03
4.774793064618576555e-01 -9.814909319075514407e-03 -1.706988573208073649e+04 -1.722206137388629577e+04 -9.539080135875600830e-03 -3.072502243944316547e+01 -1.711063942937646425e+04 8.688781509490609012e-03 8.688781509386143964e-03
4.964558102285431818e-01 -9.236907248970733716e-03 -1.736634500931766161e+04 -1.752190968036527920e+04 -8.977321318300883826e-03 -2.892861844209043554e+01 -1.740842090034829380e+04 8.177111676754372088e-03 8.177111676663397985e-03
5.168706622410320639e-01 -8.684237863500279125e-03 -1.769853199686477819e+04 -1.785605647220759056e+04 -8.440183289336156136e-03 -2.720817139635396487e+01 -1.774055157440894254e+04 7.687853518966081615e-03 7.687853518887143023e-03
5.390108467112463275e-01 -8.136987314050719497e-03 -1.803433497893800813e+04 -1.819489442282356322e+04 -7.908311974092767718e-03 -2.550556929646496584e+01 -1.807718045870673814e+04 7.203398312212635698e-03 7.203398312144592905e-03
5.632658120542870517e-01 -7.594925255263353624e-03 -1.838157868506976592e+04 -1.854571022663056647e+04 -7.381483534402130502e-03 -2.382540777033951684e+01 -1.842564184967386973e+04 6.723533708777055563e-03 6.723533708718853856e-03
5.901812496498822780e-01 -7.061659081638605243e-03 -1.876376164892456654e+04 -1.893082416094630025e+04 -6.863203557055153753e-03 -2.215236887578666725e+01 -1.880832778272161522e+04 6.251455082018911140e-03 6.251455081969622442e-03
6.205519319481119789e-01 -6.525104787341007816e-03 -1.916822948282710058e+04 -1.933913762796282754e+04 -6.341728079963825961e-03 -2.047982988484494271e+01 -1.921395131201723780e+04 5.776465276059467545e-03 5.776465276018251382e-03
6.555914446248338745e-01 -5.983447862466642619e-03 -1.961823616983930333e+04 -1.979298647044600148e+04 -5.815293312133860450e-03 -1.878971219244137458e+01 -1.966487902096643302e+04 5.296957264604620040e-03 5.296957264570741758e-03
6.972641270728331397e-01 -5.425693571520767873e-03 -2.012291803300102401e+04 -2.030224294001369708e+04 -5.273213612412066056e-03 -1.704515362665856770e+01 -2.017081698038897957e+04 4.803199102900434884e-03 4.803199102873268247e-03
7.489860481473911147e-01 -4.840512586806937183e-03 -2.071483556606282218e+04 -2.089937186754038703e+04 -4.704478044977590014e-03 -1.521233089736916000e+01 -2.076407975304204228e+04 4.285159358062686462e-03 4.285159358041673756e-03
8.172246958700447594e-01 -4.208334815822561623e-03 -2.144059888123529890e+04 -2.163157462264162677e+04 -4.090066495924567745e-03 -1.323634051823692381e+01 -2.149153529449240887e+04 3.725514187123146054e-03 3.725514187107789414e-03
9.152789718252951623e-01 -3.503730358770878930e-03 -2.239146267964318031e+04 -2.259087780924022445e+04 -3.405263705754760142e-03 -1.103121083059809671e+01 -2.244462018138708663e+04 3.101751744584327168e-03 3.101751744574125693e-03
1.070301791652423562e+00 -2.714110864514366391e-03 -2.371844084559098701e+04 -2.392964209805093924e+04 -2.637835143637195720e-03 -8.551650006509293078e+00 -2.377470783830521395e+04 2.402726995820990766e-03 2.402726995815208065e-03
1.317123541579720447e+00 -1.926813851777625305e-03 -2.549997823035116016e+04 -2.572701882770395969e+04 -1.872663887825347850e-03 -6.063736941234085798e+00 -2.556043696447659022e+04 1.705756338939328539e-03 1.705756338936619985e-03
1.655384394845416107e+00 -1.314875246011765067e-03 -2.748715903893632276e+04 -2.773189941064875529e+04 -1.277922890571113294e-03 -4.145254922989898283e+00 -2.755232411927184512e+04 1.164024895998653575e-03 1.164024895997481769e-03
2.083952600795073273e+00 -8.907714148709226093e-04 -2.951137077305024286e+04 -2.977419120138313883e+04 -8.657378892068805405e-04 -2.803353088315103214e+00 -2.958137492562990519e+04 7.885775814842284391e-04 7.885775814837281883e-04
2.623540688615224159e+00 -6.009558986454755468e-04 -3.155476558021218443e+04 -3.183592097554067004e+04 -5.840672225694207558e-04 -1.898197040310168004e+00 -3.162972669205174316e+04 5.320121804961268352e-04 5.320121804959131390e-04
3.302842041669530104e+00 -4.039277737651680378e-04 -3.361429930125892133e+04 -3.391407168516339152e+04 -3.925763144641369710e-04 -1.274551331908338137e+00 -3.369437275250438688e+04 3.575884724240102229e-04 3.575884724239197462e-04
4.158031777399895823e+00 -2.705791293900599312e-04 -3.568711880948008184e+04 -3.600585736482620268e+04 -2.629752564258227231e-04 -8.513712698383395505e-01 -3.577253038154381647e+04 2.395387599100660210e-04 2.395387599100278571e-04
5.234651867616397780e+00 -1.806950897051642262e-04 -3.777096460697767179e+04 -3.810915047763915209e+04 -1.756172976730017358e-04 -5.704435222741154332e-01 -3.786206184092746844e+04 1.599669985216464903e-04 1.599669985216303628e-04
6.590036258038080241e+00 -1.203301535095109787e-04 -3.986365771330347343e+04 -4.022200488504867826e+04 -1.169488525944399870e-04 -3.798590188419215252e-01 -3.996099402379802632e+04 1.065276675737862947e-04 1.065276675737795184e-04
8.296364109889083238e+00 -7.992447663203007069e-05 -4.196313538955888362e+04 -4.234275573670864105e+04 -7.767874050504466356e-05 -2.511235886438199505e-01 -4.206760781849140039e+04 7.075773984395910046e-05 7.075773984395626799e-05
1.044450360343646445e+01 -5.296033710839121789e-05 -4.406721442585562181e+04 -4.446988744427972415e+04 -5.147241088070693117e-05 -1.660865555797625681e-01 -4.418029022390519094e+04 4.688724337170123029e-05 4.688724337170005122e-05
