# mean mock RIC P(k) for p=3.0, NGC Pk*A/Q0(0)
5.574678085435485991e+04
7.975802943359375058e+04
8.981541972265625373e+04
9.158658974999999919e+04
8.784142909375000454e+04
8.231460142187500605e+04
7.601613280859375664e+04
7.051349393359375244e+04
6.570478804687499360e+04
6.192990065234374924e+04
5.921410826562500006e+04
5.706174419921875233e+04
5.525169279296875175e+04
5.352798258203124715e+04
5.186013922265625297e+04
4.996304042968749854e+04
4.792244986718749715e+04
4.604833738671874744e+04
4.435138804687499942e+04
4.302044845312499820e+04
4.187208887500000128e+04
4.101736713671874895e+04
4.029842493749999994e+04
3.968146040625000023e+04
3.914480796874999942e+04
3.865631887499999721e+04
3.811731219531250099e+04
3.754058474609375116e+04
3.698782398046874732e+04
3.643648020312500012e+04
3.593253978515625204e+04
3.547437618749999820e+04
3.506398077734374965e+04
3.474451736328125116e+04
3.450189190429687733e+04
3.421729212304687826e+04
3.399161484179687250e+04
3.375653181445312657e+04
3.356228630664062803e+04
3.335575073242187500e+04
3.315055264843750047e+04
3.292705177343750256e+04
3.273550526562500090e+04
3.255050360546875163e+04
3.238530762304687596e+04
