# mean mock P(k) for p=3.0, NGC Pk*A/Q0(0)
6.619734713238525728e+04
8.148875194921875664e+04
9.032055568750000384e+04
9.189113228125000023e+04
8.763746278124999662e+04
8.218828428906250338e+04
7.558517665624999790e+04
7.020618744531250559e+04
6.539190588671874866e+04
6.165078402734374686e+04
5.894026966796875058e+04
5.673081228125000052e+04
5.498035838281249744e+04
5.319959546484374732e+04
5.152785869921874837e+04
4.964887148437499854e+04
4.757122117187499680e+04
4.579060261328124761e+04
4.403510502343749977e+04
4.272069187499999680e+04
4.163136840234375268e+04
4.078623147265624721e+04
4.000919476562499767e+04
3.933682400390625116e+04
3.889685771093749645e+04
3.834833222656250291e+04
3.783828785937499924e+04
3.721146967187499831e+04
3.671774795312499919e+04
3.614380551562499750e+04
3.563763327734375343e+04
3.524662308984374977e+04
3.479977220703125204e+04
3.445411916210937488e+04
3.423418572070312803e+04
3.396863816992187640e+04
3.369160429296874645e+04
3.348183306835937401e+04
3.328578463671875215e+04
3.307622438476562820e+04
3.289463259765625116e+04
3.264281749218749974e+04
3.246673382226562535e+04
3.227021625390624831e+04
3.214093464843749825e+04
