# W_ric(k) for p=3.0, NGC Pk*A/Q0(0)
1.578698653456724610e-01
2.123879031431893938e-02
5.592702137390180572e-03
3.314166706727387449e-03
-2.327387238595940086e-03
-1.536923831725646190e-03
-5.701596151632778997e-03
-4.377199495708621740e-03
-4.784723061876562308e-03
-4.527381596253614651e-03
-4.646035710370490478e-03
-5.833371754455338870e-03
-4.935115341865007124e-03
-6.172737110463746846e-03
-6.448560678158794628e-03
-6.327816442139518570e-03
-7.383217976337201269e-03
-5.628551683719174893e-03
-7.182520020541777878e-03
-7.016660193661749048e-03
-5.782189774062208507e-03
-5.667002214153049437e-03
-7.229092551582726005e-03
-8.761164915335456840e-03
-6.374557545371621441e-03
-8.031291859523503884e-03
-7.374126888999003697e-03
-8.844452452989329250e-03
-7.355462750290008185e-03
-8.097506151461529925e-03
-8.275142895080585259e-03
-6.461699808112258102e-03
-7.592249993496066364e-03
-8.428548116570027185e-03
-7.819849602318828738e-03
-7.320103675665656784e-03
-8.904608584956478709e-03
-8.204411793491237989e-03
-8.306899565073100691e-03
-8.450975069119197672e-03
-7.779994198794719547e-03
-8.707406501231992543e-03
-8.278364088938708690e-03
-8.685635985738864376e-03
-7.603169518321946894e-03
