# W_ric(k) for p=1.6, SGC Pk*A/Q0(0)
1.721804528531697687e-01
4.491391931010746408e-02
1.631499002336443335e-02
6.976818001026535709e-03
9.967270564922980219e-04
7.931088797035372798e-03
5.522143627333231559e-03
-8.751193786864941036e-04
1.007003474112456130e-03
1.198897599910237572e-03
2.775443604122286318e-03
4.468868014108449624e-03
-3.308163750163462089e-04
-3.627489633649280416e-03
2.774207980307542929e-03
-4.212832169688199703e-04
1.453135954849517309e-03
-1.362333348040188109e-03
1.289196857724179057e-03
-6.206270743103444940e-03
-5.274476241959511619e-03
-8.855856531762431672e-04
-4.807278779040812661e-03
-1.467794705564382006e-03
4.163855271450044027e-03
4.128497950563340458e-04
7.757888388368611035e-04
1.727924760022682849e-03
9.499346995163554519e-03
5.414809110387898937e-03
-8.753034025298868717e-03
-6.857121368208019506e-03
-2.533501489643908021e-05
2.181297419486379833e-04
-4.827948195338419360e-03
-1.289809378917251836e-02
-3.851228224132772614e-03
3.171566694374924542e-03
-1.416782034407387423e-03
7.872765555774091130e-04
6.264351324786804256e-04
1.079393748253003663e-04
6.543824344001845624e-04
1.611880498170116700e-03
3.788832493611329118e-03
1.932629854488879988e-03
6.842040729288765416e-03
7.703089530135291338e-03
1.466173084182545786e-02
1.210678526619910281e-02
1.188220829244076432e-02
1.594469158823789978e-02
1.383485940712670184e-02
1.975760127790552462e-03
-9.158141330049494313e-04
