# mean mock P(k) for p=1.0, SGC Pk*A/Q0(0)
3.100260276256751968e+04
4.260003891015624686e+04
4.867977960742187861e+04
4.924688903515625134e+04
4.601261168945312238e+04
4.170852625195312430e+04
3.678058725195312581e+04
3.232722686328124837e+04
2.880302160937499866e+04
2.604005800585937322e+04
2.378994718359375111e+04
2.208584491210937631e+04
2.053734763671875044e+04
1.913239339648437453e+04
1.778397620019531314e+04
1.615416225097656206e+04
1.460689543066406259e+04
1.300190282617187586e+04
1.178474497949218676e+04
1.055957308447265677e+04
9.643838902832030726e+03
9.010079141601561787e+03
8.366634338378906250e+03
7.895628354003906679e+03
7.506864459960937893e+03
7.075784407226562507e+03
6.653018154785156185e+03
6.183395453613281461e+03
5.778735144042968386e+03
5.298127466552734404e+03
4.839327214355468641e+03
4.492757791992187776e+03
4.186484712890624905e+03
3.926776577392578019e+03
3.669952882812499865e+03
3.444562687988281141e+03
3.284784140624999964e+03
3.145524880004883016e+03
2.968737208129882674e+03
2.799622248657226464e+03
2.639544189086914230e+03
2.478340885498047101e+03
2.326285173095703158e+03
2.173871112060546693e+03
2.058114364868164103e+03
1.931025710815429647e+03
1.823182018249511657e+03
1.731991479125976639e+03
1.666003105468749936e+03
1.549599507751464898e+03
1.470305807403564359e+03
1.419732643615722736e+03
1.337823160919189377e+03
1.254311395996093779e+03
1.179253339721679595e+03
