# mean mock RIC P(k) for p=1.0, SGC Pk*A/Q0(0)
2.518261674887800109e+04
4.055186003466796683e+04
4.779668879492187261e+04
4.882686758984375047e+04
4.594223728906249744e+04
4.138885206054687296e+04
3.658666696679687448e+04
3.234285088281250137e+04
2.878189652343749913e+04
2.601799695507812430e+04
2.370426436523437587e+04
2.199303777539062503e+04
2.051595061914062535e+04
1.917632391210937567e+04
1.773975435839843703e+04
1.616106166992187536e+04
1.458137480664062423e+04
1.300651052636718669e+04
1.177276272265625084e+04
1.061332262402343804e+04
9.686214072753906294e+03
9.010657631835936627e+03
8.415396205566406934e+03
7.910292995117187274e+03
7.483750002929687071e+03
7.075465736328124876e+03
6.651549789062500167e+03
6.181236029785156461e+03
5.722046504394531439e+03
5.270443800048828052e+03
4.875746544433593954e+03
4.523126480712890952e+03
4.191651570312499643e+03
3.927916921874999844e+03
3.686756283447265560e+03
3.487426141601562449e+03
3.298271772216796762e+03
3.135049328247070207e+03
2.978191491333007889e+03
2.799988007202148310e+03
2.634762489379882936e+03
2.475664763305664110e+03
2.324418277832031436e+03
2.170387039184570312e+03
2.048137241943359186e+03
1.926396901062011693e+03
1.811748216857910165e+03
1.722557205200195312e+03
1.640430811889648339e+03
1.538527368652343739e+03
1.459261292968750013e+03
1.404948334289550758e+03
1.321723200500488247e+03
1.251281270507812451e+03
1.181181865814209004e+03
