# mean mock RIC P(k) for p=1.0, NGC Pk*A/Q0(0)
2.457312548865318240e+04
4.010884097070312419e+04
4.707314924609375157e+04
4.843392123046875349e+04
4.548182115820312174e+04
4.092206870507812710e+04
3.596673948046875012e+04
3.164976592968749901e+04
2.810199658398437532e+04
2.512956482226562366e+04
2.296165615820312451e+04
2.124272997656249936e+04
1.990926162890624983e+04
1.855888046679687614e+04
1.718859589746093843e+04
1.571717562792968783e+04
1.416991411132812573e+04
1.265236309765625083e+04
1.133575262792968715e+04
1.027838878808593836e+04
9.367156448730469492e+03
8.664624552246094026e+03
8.107847553222656643e+03
7.668441268554687667e+03
7.243612858398437311e+03
6.865947685546874709e+03
6.415488633789062078e+03
5.979056088378906679e+03
5.545090219726562282e+03
5.110626844238281592e+03
4.718070554931640800e+03
4.339687532958984775e+03
4.012381719482421886e+03
3.781895765624999967e+03
3.580697058593750171e+03
3.376382945556640607e+03
3.188253056884765556e+03
3.001250012207031432e+03
2.864369355224609535e+03
2.705636342895507823e+03
2.549292802612304513e+03
2.374676416381836134e+03
2.225722636352539212e+03
2.098803913330078103e+03
1.960083635375976655e+03
