# W_ric(k) for p=1.0, NGC Pk*A/Q0(0) EZMOCK
8.680937627568529047e-01
4.104810492057380245e-01
1.739092736297489505e-01
1.039133583277580125e-01
6.674418722630509615e-02
5.584404366015213728e-02
4.291142685771367343e-02
3.514694342562072610e-02
2.824000953729289068e-02
2.547118164432768395e-02
2.570026498506180340e-02
2.359962662285447488e-02
1.922544186178056641e-02
1.675532077372872755e-02
1.823382392112787159e-02
1.319776789227769358e-02
1.111034337390243328e-02
1.568384941227875598e-02
1.335063635390245848e-02
1.151795839138235363e-02
8.362827617713342043e-03
1.064680803307559674e-02
1.040183078473388457e-02
1.033895203514475537e-02
7.525517880932143001e-03
8.213655549161171660e-03
6.589048618724867475e-03
7.508056017241383599e-03
5.564899871317619505e-03
-5.251755225015727283e-04
3.934737275192075508e-03
5.435578517921921433e-03
8.421604132412554081e-03
8.151830761435652911e-03
7.957239686656611410e-03
8.439167674551016629e-03
6.089312860065749025e-03
9.073616981676623297e-03
2.198951621043327646e-03
5.310454192277088391e-03
7.067543709424663027e-03
1.924265792562227526e-03
5.481552920936392029e-03
7.281385596688795189e-03
7.079280984430757692e-03
