0.0001	-1.1805043081495566e9
0.00010135965009385569	-1.1802500257540503e9
0.00010273778667148859	-1.179988839249002e9
0.00010413466108439276	-1.1797205608463864e9
0.000105550528101563	-1.1794450004832237e9
0.00010698564595596108	-1.179161962488247e9
0.00010844027639161341	-1.17887124475028e9
0.00010991468471134935	-1.1785726417181485e9
0.00011140913982518839	-1.1782659415310705e9
0.00011292391429938538	-1.1779509257262573e9
0.00011445928440614249	-1.1776273727601016e9
0.00011601553017399716	-1.1772950521720927e9
0.00011759293543889508	-1.176953729699308e9
0.00011919178789595767	-1.1766031643456852e9
0.00012081237915195332	-1.176243107888153e9
0.00012245500477848215	-1.1758733071012492e9
0.00012411996436588376	-1.1754935014233375e9
0.00012580756157787814	-1.175103422680199e9
0.00012751810420694932	-1.1747027979408216e9
0.00012925190423048212	-1.1742913445661407e9
0.0001310092778676621	-1.173868774491033e9
0.00013279054563714946	-1.1734347916562989e9
0.0001345960324155364	-1.1729890916643739e9
0.0001364260674966003	-1.17253136341278e9
0.00013828098465136146	-1.172061287175655e9
0.00014016112218895825	-1.1715785344244308e9
0.0001420668230183496	-1.171082769963563e9
0.0001439984347108564	-1.1705736477970595e9
0.00014595630956355327	-1.1700508147986486e9
0.00014794080466352241	-1.1695139082897434e9
0.00014995228195298086	-1.168962555807689e9
0.0001519911082952933	-1.1683963764171267e9
0.00015405765554188258	-1.1678149790187924e9
0.00015615230060004966	-1.1672179621261628e9
0.00015827542550171604	-1.166604915606767e9
0.00016042741747310062	-1.165975417192774e9
0.00016260866900534387	-1.1653290354354115e9
0.0001648195779260925	-1.164665327616341e9
0.00016706054747205718	-1.1639838395848722e9
0.00016933198636255684	-1.1632841066472478e9
0.00017163430887406304	-1.1625656521932914e9
0.00017396793491575782	-1.161827987434209e9
0.0001763332901061187	-1.161070612738798e9
0.00017873080585054536	-1.1602930146977885e9
0.00018116091942004133	-1.1594946685611308e9
0.00018362407403096575	-1.158675036313458e9
0.00018612071892586943	-1.1578335666208193e9
0.00018865130945542986	-1.1569696954085813e9
0.0001912163071615006	-1.156082844663094e9
0.00019381617986128936	-1.1551724222245038e9
0.00019645140173268086	-1.1542378227376943e9
0.00019912245340072008	-1.1532784252081532e9
0.0002018298220252707	-1.152293594994228e9
0.00020457400138986607	-1.1512826820445554e9
0.0002073554919917677	-1.150245020938659e9
0.00021017480113324873	-1.1491799311912143e9
0.00021303244301411792	-1.1480867162650263e9
0.00021592893882550244	-1.1469646633506508e9
0.000218864816844905	-1.1458130440728922e9
0.0002218406125325538	-1.144631112440011e9
0.00022485686862906272	-1.1434181064747105e9
0.00022791413525441874	-1.142173246647222e9
0.0002310129700083158	-1.1408957359586446e9
0.00023415393807185266	-1.1395847600943036e9
0.00023733761231061343	-1.1382394866041186e9
0.0002405645733791495	-1.136859064712529e9
0.00024383540982688266	-1.1354426258578944e9
0.0002471507182054473	-1.1339892819908018e9
0.0002505111031774927	-1.132498126953441e9
0.00025391717762696434	-1.1309682351099834e9
0.0002573695627708851	-1.1293986615107248e9
0.00026086888827265534	-1.1277884419675896e9
0.0002644157923568948	-1.126136592426889e9
0.0002680109219258446	-1.1244421088551679e9
0.00027165493267735286	-1.1227039677045486e9
0.0002753484892244641	-1.1209211245627234e9
0.0002790922652166347	-1.119092515388799e9
0.00028288694346259666	-1.1172170553892772e9
0.0002867332160548913	-1.1152936393178182e9
0.0002906317844960971	-1.1133211415780382e9
0.00029458335982677277	-1.1112984158425794e9
0.0002985886627551407	-1.1092242950959492e9
0.00030264842378853343	-1.1070975921438687e9
0.00030676338336662695	-1.1049170986610534e9
0.0003109342919964862	-1.102681586421291e9
0.00031516191038944655	-1.1003898065047219e9
0.00031944700959985405	-1.098040489832134e9
0.00032379037116569764	-1.09563234743302e9
0.0003281927872511478	-1.093164070411707e9
0.00033265506079103557	-1.0906343302715995e9
0.00033717800563729655	-1.0880417796255386e9
0.00034176244670740486	-1.085385051742072e9
0.00034640922013482557	-1.0826627619477456e9
0.0003511191734215135	-1.0798735073028977e9
0.0003558931655924844	-1.0770158675219223e9
0.00036073206735248855	-1.0740884055906322e9
0.0003656367612448142	-1.0710896682366132e9
0.00037060814181225023	-1.0680181867129698e9
0.00037564711576023734	-1.0648724779159739e9
0.00038075460212223756	-1.0616510445925773e9
0.0003859315324273524	-1.0583523771428752e9
0.00039117885087021966	-1.0549749539589646e9
0.0003964975144832202	-1.0515172429408064e9
0.0004018884933110268	-1.0479777026988835e9
0.00040735277058752536	-1.0443547837436193e9
0.00041289134291514233	-1.0406469299619708e9
0.00041850522044661014	-1.0368525803981407e9
0.00042419542706920334	-1.0329701703422054e9
0.0004299630005914814	-1.028998133805939e9
0.00043580899293256813	-1.0249349047684287e9
0.0004417344703140073	-1.02077891954277e9
0.00044774051345422463	-1.0165286188376313e9
0.00045382821776563493	-1.0121824499195025e9
0.000459998693554429	-1.007738869047201e9
0.0004662530662230768	-1.0031963441944346e9
0.00047259247647558385	-9.98553357263408e8
0.00047901808052553904	-9.938084075158212e8
0.00048553105030699017	-9.889600139745904e8
0.0004921325736881877	-9.840067188930126e8
0.0004988238546882336	-9.789470909314526e8
0.0005056061136966767	-9.737797285222592e8
0.0005124805876960937	-9.685032634894631e8
0.0005194485304876958	-9.631163649379205e8
0.0005265112129200037	-9.576177427740813e8
0.0005336699231206312	-9.520061522894113e8
0.0005409259667312205	-9.462803978705767e8
0.0005482806671455713	-9.404393377075866e8
0.0005557353657510086	-9.34481888204387e8
0.0005632914221730315	-9.284070286219673e8
0.0005709502145232881	-9.222138059331334e8
0.0005787131396509233	-9.159013399007993e8
0.0005865816133973423	-9.094688278667538e8
0.0005945570708544394	-9.029155504331282e8
0.0006026409666263374	-8.962408763596524e8
0.0006108347750946853	-8.894442683463093e8
0.0006191399906875633	-8.82525288466304e8
0.0006275581281520449	-8.754836038076285e8
0.0006360907228304632	-8.683189922283584e8
0.0006447393309404349	-8.610313482323381e8
0.000653505529858691	-8.536206885489011e8
0.0006623909184087668	-8.460871583878877e8
0.0006713971171526032	-8.384310369090965e8
0.000680525768686113	-8.306527433957456e8
0.0006897785379387658	-8.227528429530298e8
0.0006991571124772466	-8.147320523037385e8
0.0007086632028132422	-8.065912455239816e8
0.0007182985427154132	-7.9833145972054e8
0.0007280648895256074	-7.89953900309986e8
0.0007379640244793725	-7.8145994669406e8
0.0007479977530308276	-7.728511570537046e8
0.0007581679051819496	-7.641292735943879e8
0.0007684763358163397	-7.552962271193206e8
0.0007789249250375254	-7.463541415095586e8
0.0007895155785118634	-7.373053379067569e8
0.0008002502278161051	-7.281523385994977e8
0.0008111308307896872	-7.188978703389326e8
0.0008221593718918117	-7.095448677347088e8
0.000833337862563382	-7.000964756143209e8
0.0008446683415938601	-6.905560515462813e8
0.0008561528754931103	-6.809271674616705e8
0.0008677935588683004	-6.712136109591277e8
0.0008795925148059268	-6.614193860558206e8
0.0008915518952590332	-6.515487133900582e8
0.0009036738814396948	-6.416060296579099e8
0.000915960684216839	-6.315959868170745e8
0.0009284145445194745	-6.215234500794115e8
0.0009410377337454033	-6.113934957759094e8
0.0009538325541754903	-6.012114080798777e8
0.0009668013393935633	-5.909826751694592e8
0.000979946454712026	-5.807129845575839e8
0.0009932702976032535	-5.704082175894402e8
0.0010067752981368567	-5.600744429225552e8
0.0010204639194228906	-5.497179094076964e8
0.001034338658061087	-5.393450374914367e8
0.0010484020445962004	-5.289624101010001e8
0.0010626566439795376	-5.185767620215202e8
0.001077105056036769	-5.081949683166093e8
0.0010917499159420975	-4.978240314686634e8
0.0011065938946988735	-4.8747106721285945e8
0.001121639699626748	-4.771432888877709e8
0.0011368900748554458	-4.6684799061059254e8
0.0011523478018252537	-4.565925284780655e8
0.0011680156997943148	-4.4638430065212816e8
0.0011838966263528175	-4.3623072538326925e8
0.0011999934779441778	-4.261392175311882e8
0.001216309190393308	-4.1611716327260756e8
0.0012328467394420659	-4.061718930297717e8
0.0012496091412919868	-3.963106525563725e8
0.0012665994531543925	-3.8654057253415215e8
0.0012838207738079819	-3.768686361220953e8
0.0013012762441640007	-3.673016454348291e8
0.0013189690478390985	-3.5784618628292525e8
0.0013369024117359702	-3.485085920162846e8
0.0013550796066318972	-3.392949064789662e8
0.0013735039477752872	-3.302108464945936e8
0.0013921787954903255	-3.2126176426939225e8
0.0014111075557898486	-3.124526104691483e8
0.00143029368099655	-3.0378789798077154e8
0.0014497406703726315	-2.952716677792697e8
0.0014694520707580173	-2.8690745678281605e8
0.0014894314772172428	-2.786982690316127e8
0.001509682533695143	-2.706465506469221e8
0.0015302089336814522	-2.6275416939436698e8
0.00155101442088444	-2.5502239957180777e8
0.0015721027899137107	-2.4745191312269664e8
0.0015934778869722804	-2.4004277710385248e8
0.0016151436105580686	-2.327944587533396e8
0.0016371039121749254	-2.2570583776271445e8
0.001659362797053327	-2.1877522656719446e8
0.001681924324880869	-2.1200039835899523e8
0.0017047926105426933	-2.053786226953207e8
0.001727971824871982	-1.9890670827437255e8
0.0017514661954106535	-1.925810523885924e8
0.001775280007180405	-1.8639769575227582e8
0.0017994176034642347	-1.803523823226284e8
0.001823883386598592	-1.744406221492049e8
0.001848681818776298	-1.6865775653019398e8
0.0018738174228603833	-1.6299902378424168e8
0.0018992947832089885	-1.5745962437257382e8
0.0019251185465114858	-1.5203478414873442e8
0.0019512934226359625	-1.4671981480217153e8
0.001977824185488232	-1.4151017030552524e8
0.0020047156738825234	-1.3640149949980754e8
0.0020319727924240066	-1.3138969391987665e8
0.0020596005124033216	-1.2647093162421538e8
0.0020876038727032655	-1.2164171714721933e8
0.0021159879807178105	-1.1689891832963528e8
0.002144758013283615	-1.1223980083572662e8
0.0021739192176242032	-1.0766206118525538e8
0.0022034769123069776	-1.0316385849292427e8
0.002233436488213248	-9.874384566066328e7
0.0022638034095214463	-9.440119890076558e7
0.0022945832147037134	-9.013564509958917e7
0.002325781517536029	-8.594748481210664e7
0.002357404008122086	-8.183760837242243e7
0.0023894564539310753	-7.780750193478163e7
0.0024219447008495903	-7.38592398885249e7
0.002454874674247825	-6.999545970490772e7
0.0024882523800602743	-6.6219316562810965e7
0.00252208390588113	-6.253441475883214e7
0.0025563754220745624	-5.8944715674611844e7
0.002591133182900103	-5.5454422992348775e7
0.00262636352765333	-5.206784853542915e7
0.00266207288182206	-4.878926439169798e7
0.0026982677582582603	-4.562274908950614e7
0.002734954758365897	-4.257203694893722e7
0.0027721405733049293	-3.9640381356733166e7
0.0028098319852116814	-3.683044119741182e7
0.002848035868435799	-3.414419948166906e7
0.00288675919079403	-3.1582919423392463e7
0.0029260090148410488	-2.914713989961838e7
0.0029657924991575613	-2.6836707752956226e7
0.003006116899655922	-2.4650839865118384e7
0.003046989570903505	-2.2588203950352054e7
0.0030884179674640676	-2.0647005457419463e7
0.003130409645257355	-1.8825066479368106e7
0.003172972262937164	-1.7119886052477457e7
0.0032161135832882042	-1.5528674597415248e7
0.0032598414746418877	-1.4048361976018503e7
0.003304163912311403	-1.2675585498175714e7
0.0033490889800462903	-1.1406670287537275e7
0.003394624871506801	-1.0237618202838184e7
0.003440779891758291	-9.164122592953576e6
0.0034875624587859507	-8.181620983474914e6
0.003534981105030109	-7.285391059682695e6
0.0035830444789424322	-6.470683119636226e6
0.003631761346563264	-5.732871045086091e6
0.0036811405931204254	-5.067594445873187e6
0.003731191224649747	-4.470860477444443e6
0.003781922369637633	-3.9390773619188243e6
0.00383334328068596	-3.469004170920595e6
0.0038854633361996176	-3.0576186960951034e6
0.003938292042096984	-2.7019279455938744e6
0.003991839033543667	-2.398762989094934e6
0.004046114076709811	-2.144610072119403e6
0.004101127070551305	-1.9355260685640394e6
0.004156888048615196	-1.7671675991815568e6
0.004213407180869668	-1.634933090655683e6
0.004270694775558886	-1.534183814448734e6
0.004328761281083062	-1.460481582182025e6
0.004387617287904096	-1.4097724191540529e6
0.004447273530477113	-1.3784578576989959e6
0.004507740889208263	-1.3633323519395017e6
0.004569030392439155	-1.3614141223094629e6
0.004631153218458249	-1.3697411407040178e6
0.004694120697539618	-1.3852259768762032e6
0.004757944314009414	-1.4046499615255531e6
0.004822635708340444	-1.4248256173013544e6
0.004888206679275213	-1.4428867054950523e6
0.004954669185977838	-1.4565992875811646e6
0.005022035350215225	-1.464561096000751e6
0.005090317458567892	-1.466186798903193e6
0.005159527964670863	-1.4614601836838021e6
0.00522967949148502	-1.45054087771869e6
0.005300784833599349	-1.433393839299253e6
0.00537285695956447	-1.4096164177651468e6
0.00544590901425792	-1.378558229557741e6
0.005519954321281573	-1.339684162882909e6
0.0055950063853916696	-1.2929943869047684e6
0.0056710788949618784	-1.2392622224150836e6
0.0057481857244798575	-1.179927132590349e6
0.005826340937077747	-1.1166644019898875e6
0.005905558787097077	-1.050851323246462e6
0.0059858537226885455	-983238.4959628775
0.006067240388447145	-914042.993432677
0.006149733628083117	-843429.2835696312
0.006233348487129224	-772081.6181900373
0.006318100215684829	-701473.1697566174
0.006404004271197283	-633601.321764278
0.006491076321281139	-570313.201673861
0.006579332246575682	-512658.88429525826
0.006668788143641326	-460734.3510493027
0.006759460327895383	-414149.4355249184
0.00685136533658775	-372772.6248956322
0.006944519931817061	-337144.03095245187
0.007038941103587838	-308164.0219630186
0.007134646072909218	-286253.55730953475
0.007231652294935799	-270686.84686909226
0.00732997746215121	-259741.21219448358
0.0074296395075949505	-251644.4835126897
0.007530656608133104	-245557.67020007005
0.007633047187773535	-241708.04005173125
0.0077368299210261475	-240519.21227691963
0.007842023736308833	-241561.5395795103
0.007948647819399742	-243392.82530137175
0.008056721616936468	-244503.38933456846
0.008166264839962837	-244386.58785728365
0.008277297467523896	-243518.85177850156
0.008389839750309798	-242186.22630188064
0.008503912214349228	-239481.62421034503
0.008619535664753031	-233774.85703001023
0.00873673118950877	-224301.80308510573
0.008855520163326847	-212053.7400973635
0.008975924251538928	-198806.08217715175
0.009097965414049395	-185379.2564484525
0.009221665909340473	-171292.57414122607
0.00934704829853188	-156225.7735636951
0.009474135449495606	-141198.7062033856
0.009602950541026688	-127656.71658648147
0.009733517067070672	-115679.78978192387
0.009865858841008558	-104072.49438065712
0.01	-92477.27967748325
0.010135965009385569	-82399.98385493361
0.01027377866714886	-75373.20153833338
0.010413466108439273	-70932.93150930706
0.010555052810156298	-67589.07621730427
0.010698564595596108	-65151.82150589943
0.010844027639161341	-64403.87127448228
0.010991468471134934	-64747.40287133954
0.01114091398251884	-64368.25264204977
0.011292391429938537	-63037.57619743328
0.01144592844061425	-62368.95649953688
0.011601553017399716	-62673.41002710635
0.011759293543889507	-62205.08078379158
0.011919178789595768	-60289.839814547515
0.012081237915195333	-58104.454012631664
0.012245500477848215	-55661.541567770284
0.012411996436588378	-51754.35477157938
0.012580756157787814	-47248.796469691166
0.012751810420694934	-44113.21695943324
0.01292519042304821	-41667.23249196223
0.013100927786766213	-38366.72084232367
0.013279054563714945	-35202.658111198565
0.013459603241553642	-32970.93467618088
0.01364260674966003	-30430.75606932887
0.013828098465136145	-28088.77440422436
0.014016112218895826	-27496.930981956328
0.014206682301834963	-27127.775693350148
0.01439984347108564	-25717.822061095594
0.014595630956355327	-24817.18184361331
0.014794080466352243	-24198.818411415632
0.014995228195298086	-22972.688657437713
0.01519911082952933	-22705.873873096156
0.015405765554188258	-22776.401880135563
0.015615230060004965	-21498.169274433898
0.015827542550171603	-20605.75205762504
0.01604274174731006	-20142.581906714688
0.01626086690053439	-19083.55342092077
0.016481957792609254	-18903.613866693646
0.01670605474720572	-18202.560303686798
0.016933198636255684	-16497.28771812729
0.017163430887406305	-15832.386321895345
0.01739679349157578	-14743.734024563202
0.01763332901061187	-13870.438762698517
0.017873080585054556	-13262.387974754567
0.018116091942004153	-11702.740171342817
0.018362407403096595	-11313.32602314756
0.01861207189258696	-10912.570229539098
0.018865130945543006	-10647.969845457486
0.01912163071615008	-10499.170512712262
0.019381617986128953	-9846.804864130121
0.019645140173268107	-10036.700302206398
0.019912245340072025	-9826.010415037877
0.02018298220252709	-9534.79139189941
0.02045740013898663	-8986.554552673239
0.020735549199176792	-8568.622786458991
0.021017480113324893	-8448.008966724603
0.021303244301411815	-7922.959672658613
0.021592893882550267	-7496.817720309792
0.021886481684490523	-7197.895065860396
0.022184061253255404	-7113.85223192291
0.022485686862906296	-6737.386070909941
0.022791413525441895	-6330.824377844783
0.023101297000831602	-6173.223143518972
0.023415393807185294	-5997.867892601073
0.023733761231061367	-5643.813182879331
0.024056457337914977	-5392.752573739582
0.02438354098268829	-5348.782827402999
0.024715071820544752	-5113.43780026853
0.02505111031774929	-4793.583528294789
0.025391717762696456	-4633.291416096957
0.025736956277088534	-4407.541324543834
0.026086888827265564	-4031.0726750206486
0.02644157923568951	-3853.1844953203376
0.02680109219258449	-3745.145101258666
0.027165493267735312	-3507.7841180795645
0.027534848922446432	-3411.3636865956696
0.0279092265216635	-3374.1537346448654
0.028288694346259694	-3156.374697318163
0.028673321605489164	-3027.8104615352595
0.029063178449609737	-2940.8016082616746
0.029458335982677303	-2714.763078255557
0.0298588662755141	-2615.640094312023
0.030264842378853372	-2509.992802968131
0.030676338336662726	-2309.8664180977134
0.03109342919964865	-2249.8540103468076
0.031516191038944624	-2115.0934415969805
0.031944700959985375	-1998.8275746324343
0.03237903711656973	-1977.2698879892032
0.03281927872511474	-1844.327435096239
0.03326550607910352	-1787.224018711589
0.033717800563729625	-1681.918843251615
0.03417624467074045	-1558.5098141880671
0.03464092201348252	-1499.4170752154753
0.03511191734215131	-1395.8549744665715
0.0355893165592484	-1359.4095263741833
0.036073206735248824	-1290.615878090187
0.03656367612448139	-1239.2595139051002
0.03706081418122499	-1197.4117108687697
0.037564711576023695	-1141.2835530698592
0.038075460212223716	-1106.3022753095352
0.038593153242735205	-1042.0313135564156
0.03911788508702192	-989.7074738600143
0.03964975144832198	-936.4859051335492
0.04018884933110264	-900.1745072889573
0.04073527705875249	-870.6493018254197
0.04128913429151419	-838.9953265953083
0.04185052204466097	-802.7778156043415
0.0424195427069203	-763.6981274991199
0.04299630005914809	-728.0241484307076
0.043580899293256765	-690.2432235569219
0.044173447031400685	-654.5205878662094
0.04477405134542242	-620.6902249736586
0.04538282177656345	-595.5929086627333
0.045999869355442854	-572.3436388165303
0.04662530662230763	-544.9611479081574
0.04725924764755833	-512.4525119044516
0.04790180805255385	-479.3427465839682
0.04855310503069898	-450.5789618221802
0.04921325736881872	-424.8927472020677
0.04988238546882331	-401.05452348726664
0.05056061136966762	-378.92926858286967
0.05124805876960931	-355.78122436078326
0.05194485304876952	-330.1785052561906
0.052651121292000315	-305.77830204145425
0.05336699231206307	-286.26226540491683
0.054092596673121995	-268.6634157933035
0.054828066714557075	-250.01097550894454
0.055573536575100814	-231.99099920013222
0.056329142217303146	-216.1918279513582
0.057095021452328816	-201.91786092962442
0.05787131396509233	-189.94247043615857
0.058658161339734234	-181.22510456894975
0.05945570708544394	-172.17825696172972
0.06026409666263375	-160.33490670651807
0.06108347750946853	-148.8771705331658
0.06191399906875633	-140.08279433232383
0.06275581281520448	-133.10607289121043
0.06360907228304631	-126.80410658730828
0.06447393309404349	-119.67828766311156
0.0653505529858691	-111.62511688568942
0.06623909184087667	-105.3232823148281
0.06713971171526031	-101.55776943513571
0.0680525768686113	-97.96382937184426
0.06897785379387658	-93.78368811004437
0.06991571124772467	-89.3201983899272
0.07086632028132422	-84.91573739499086
0.07182985427154133	-81.81167207163043
0.07280648895256073	-79.47849172928395
0.07379640244793725	-76.18728563099384
0.07479977530308275	-72.64250817729669
0.07581679051819497	-70.20538997812105
0.07684763358163398	-68.28383930134981
0.07789249250375253	-65.78420504355785
0.07895155785118634	-62.81528132080788
0.08002502278161053	-60.16115922297523
0.08111308307896872	-57.70323954417363
0.08221593718918116	-55.03678169573143
0.0833337862563382	-52.210956280689956
0.084466834159386	-49.593984592549674
0.08561528754931101	-47.47337069081471
0.08677935588683004	-45.37045072820108
0.08795925148059269	-43.3077433567747
0.08915518952590333	-41.6425456046545
0.09036738814396948	-39.9518088162451
0.0915960684216839	-37.53770470033214
0.09284145445194746	-35.26210259064068
0.09410377337454034	-34.085216069449764
0.09538325541754901	-32.92475845391297
0.09668013393935633	-31.422040409472448
0.09799464547120258	-30.040082003105116
0.09932702976032536	-28.96151011622667
0.10067752981368568	-28.32206924605976
0.10204639194228905	-27.75124924927749
0.10343386580610872	-26.930053839697646
0.10484020445962006	-25.73326905695113
0.10626566439795376	-24.32979934709097
0.10771050560367693	-23.301831542770618
0.10917499159420974	-22.6146200052012
0.11065938946988733	-21.821694369540907
0.1121639699626748	-20.830974881169347
0.11368900748554459	-19.668196642697986
0.11523478018252538	-18.42243074260811
0.11680156997943149	-17.12978668003817
0.11838966263528175	-15.633810681165432
0.11999934779441777	-14.312269438520985
0.12163091903933079	-13.395927774936885
0.1232846739442066	-11.929459189938893
0.12496091412919869	-10.474139325110508
0.12665994531543925	-9.825898867078873
0.12838207738079818	-9.129606414068135
0.13012762441640008	-8.699619527310364
0.13189690478390984	-8.410746501381304
0.133690241173597	-7.781060418116362
0.13550796066318974	-7.317637887957763
0.13735039477752872	-6.812599244659728
0.13921787954903253	-6.459094817468684
0.14111075557898486	-6.344215782892303
0.143029368099655	-6.1191304994204065
0.14497406703726315	-5.867718847723335
0.14694520707580172	-5.631644788346871
0.1489431477217243	-5.710596707735404
0.15096825336951433	-5.891238004422334
0.1530208933681452	-5.886676681405436
0.155101442088444	-5.751360377099354
0.15721027899137108	-5.586056307350442
0.15934778869722804	-5.399875229855519
0.16151436105580685	-5.05516574798936
0.16371039121749256	-4.699874016824374
0.1659362797053327	-4.335381164783443
0.16819243248808688	-4.186607171641477
0.1704792610542693	-4.225802480327248
0.1727971824871982	-4.047913109628248
0.17514661954106536	-3.7463428795890996
0.1775280007180407	-3.53431370730592
0.17994176034642367	-3.355660420648836
0.18238833865985937	-3.092501294000174
0.18486818187763	-2.835080245907413
0.18738174228603852	-2.659605162753724
0.18992947832089904	-2.482706113455658
0.19251185465114876	-2.195039300038485
0.1951293422635964	-1.9219439213092797
0.1977824185488234	-1.8261785170849592
0.20047156738825253	-1.7131270381058654
0.20319727924240086	-1.5333717961032927
0.20596005124033237	-1.4445098133045928
0.20876038727032678	-1.3871541415472777
0.21159879807178125	-1.393794951237748
0.21447580132836175	-1.5306308866682947
0.2173919217624206	-1.6546785439184617
0.22034769123069797	-1.5869256528730065
0.223343648821325	-1.493386556723023
0.22638034095214488	-1.5698501153396618
0.2294583214703715	-1.5049907266017126
0.23257815175360316	-1.3063396432495822
0.23574040081220882	-1.268826404198966
0.2389456453931078	-1.197016420056514
0.24219447008495928	-0.9484335272278729
0.2454874674247827	-0.7915454971558744
0.24882523800602768	-0.843689938018727
0.2522083905881133	-0.8955859141619963
0.2556375422074565	-0.7905242023006022
0.25911331829001055	-0.6285932355039814
0.26263635276533326	-0.5905173144177963
0.26620728818220624	-0.6781099846464479
0.2698267758258263	-0.7548444138750728
0.27349547583658995	-0.750615814590551
0.2772140573304932	-0.6612932370998246
0.28098319852116843	-0.543812311685447
0.2848035868435802	-0.5184720360532786
0.2886759190794033	-0.5269071689875569
0.29260090148410517	-0.49466317713809194
0.2965792499157564	-0.46125980757611185
0.30061168996559245	-0.4235364389491063
0.30469895709035083	-0.36092031289837584
0.3088417967464071	-0.3311014553461141
0.31304096452573515	-0.4357106784396894
0.3172972262937161	-0.516014400703561
0.3216113583288201	-0.43791589140757703
0.32598414746418847	-0.33283475387775424
0.33041639123113997	-0.2895413593324631
0.3349088980046287	-0.28415702314767394
0.3394624871506797	-0.26979354538575956
0.34407798917582877	-0.2566881746844193
0.3487562458785947	-0.2394150945051725
0.35349811050301055	-0.16645297856583607
0.3583044478942429	-0.14453176033939305
0.363176134656326	-0.2322148929729647
0.3681140593120422	-0.27510420522384815
0.3731191224649744	-0.28144035414452073
0.3781922369637629	-0.2614318096558442
0.38333432806859563	-0.205343463763063
0.3885463336199614	-0.16960382164432808
0.393829204209698	-0.1125197904117082
0.3991839033543663	-0.11262000624020989
0.4046114076709807	-0.12796962450036106
0.41011270705513003	-0.0926967794421966
0.4156888048615192	-0.13943179610706785
0.4213407180869664	-0.18421262462739094
0.4270694775558881	-0.17098037692307547
0.4328761281083057	-0.11923536715573124
0.43876172879040914	-0.05493369143295257
0.4447273530477108	-0.10908539100788125
0.4507740889208259	-0.14056541293213576
0.456903039243915	-0.09371311818527016
0.46311532184582443	-0.07675484940540656
0.4694120697539612	-0.04756305655160758
0.47579443140094085	-0.06372331571925659
0.48226357083404386	-0.1077999038152863
0.4888206679275208	-0.09956086537525057
0.49546691859778336	-0.0845027982720749
0.5022035350215219	-0.07501812710046658
0.5090317458567887	-0.04198723615922966
0.5159527964670857	-0.012768521215910924
0.5229679491485015	-0.059626801001098434
0.5300784833599342	-0.10955445644419717
0.5372856959564464	-0.06494451902213005
0.5445909014257914	-0.015813588787422762
0.5519954321281567	-0.02834733570008385
0.5595006385391669	-0.059292873521315306
0.5671078894961878	-0.06469067795280696
0.5748185724479858	-0.04573987504687309
0.5826340937077747	-0.02327404715951268
0.5905558787097077	-0.024307415374669537
0.5985853722688546	-0.03385281399943874
0.6067240388447145	-0.03051764559177493
0.6149733628083116	-0.0559236950035306
0.6233348487129223	-0.05226705599300539
0.6318100215684828	0.0003005357400169073
0.6404004271197282	-0.00703012997507451
0.6491076321281138	-0.04130792140157192
0.6579332246575682	-0.03377026805817494
0.6668788143641325	-0.02298452431612483
0.6759460327895382	-0.022814401533160236
0.685136533658775	-0.02540369585805901
0.694451993181706	-0.01295211201083113
0.7038941103587839	-0.008707154768528532
0.7134646072909216	-0.033788697894525786
0.7231652294935799	-0.02766709925832333
0.7329977462151209	-0.007096966950177915
0.742963950759495	-0.006350022716894145
0.7530656608133104	-0.017422466305671
0.7633047187773535	-0.027548930406905932
0.7736829921026146	-0.017016672609663403
0.7842023736308833	-0.0013770054077594926
0.7948647819399742	-0.00788600624369026
0.8056721616936469	-0.022751083114552404
0.8166264839962838	-0.012748971388720566
0.8277297467523895	-0.008970379381671048
0.8389839750309798	-0.011015580193317408
0.8503912214349229	-0.007204629867416086
0.8619535664753032	-0.011383760999686191
0.8736731189508772	-0.006969282639988031
0.8855520163326847	-0.014968007808242027
0.8975924251538929	-0.011859248670726756
0.9097965414049393	0.005720584822789317
0.9221665909340475	-0.013585906859471458
0.9347048298531879	-0.014521717137655845
0.9474135449495604	0.00038538801303281015
0.9602950541026688	-0.010146288715658638
0.9733517067070673	-0.007106935212664322
0.9865858841008558	-0.0028981195344165074
1.0	-0.006238935472225137
1.0135965009385568	-0.009494828727336459
1.0273778667148858	-0.00685248679743708
1.0413466108439275	0.0005674150613277522
1.0555052810156298	-0.005888648141352971
1.0698564595596107	-0.00824637658398413
1.084402763916134	-0.005185804169664539
1.0991468471134935	-0.0028004522494958863
1.1140913982518839	-0.0016798325473416612
1.1292391429938538	-0.0069669968819902105
1.1445928440614248	-0.006437730505301856
1.1601553017399715	-0.0008260210099688169
1.1759293543889509	-0.0018719550339756285
1.1919178789595768	-0.007368297476691025
1.2081237915195333	-0.0035421502610826975
1.2245500477848215	0.00012666078613524285
1.2411996436588377	-0.005476012725217216
1.2580756157787816	-0.004302364027979153
1.2751810420694933	-0.00029494753835915353
1.292519042304821	-0.004302210636625716
1.3100927786766212	-0.003931088633106898
1.3279054563714945	-0.00014352242980881868
1.345960324155365	-0.004605521519325028
1.3642606749660036	-0.002653546346095425
1.3828098465136152	-0.0005194052729650989
1.401611221889583	-0.004851227307337924
1.4206682301834967	-0.0008573550178681139
1.4399843471085647	-0.001962750960910609
1.4595630956355334	-0.004154521543211565
1.479408046635225	0.00035402021927646843
1.4995228195298094	-0.003585888083245302
1.519911082952934	-0.002383633768821271
1.5405765554188264	-0.0002106993626530045
1.5615230060004972	-0.0038256167046422564
1.5827542550171614	-0.0008380541340187029
1.604274174731007	-0.0018758771548717215
1.6260866900534396	-0.0022595756468110997
1.648195779260926	-0.001265515168195094
1.6706054747205727	-0.0020300302971945038
1.693319863625569	-0.0014135346701682524
1.7163430887406315	-0.0019553190137628716
1.7396793491575788	-0.0012476269774237521
1.7633329010611878	-0.0018366875208513135
1.7873080585054544	-0.00147065765336955
1.8116091942004142	-0.001392620743135203
1.8362407403096586	-0.0017151313346341207
1.861207189258695	-0.0012143254864137637
1.8865130945542996	-0.001633995964583585
1.912163071615007	-0.0012828838796400204
1.9381617986128943	-0.0014465711673527855
1.9645140173268099	-0.0013699329280721206
1.9912245340072017	-0.0013015867086321109
2.018298220252708	-0.0013968462941934053
2.0457400138986617	-0.0012421590299266606
2.073554919917678	-0.001341985413990987
2.101748011332488	-0.001249568038465483
2.1303244301411803	-0.0012703763428283303
2.1592893882550257	-0.0012435192862438123
2.188648168449051	-0.0012282493382324692
2.218406125325539	-0.001225101898934519
2.2485686862906284	-0.0011937304910331979
2.2791413525441886	-0.0012039214296601084
2.3101297000831593	-0.0011723550361963516
2.341539380718528	-0.0011742449980595196
2.3733761231061363	-0.0011581275646310825
2.4056457337914976	-0.0011490523138692613
2.438354098268829	-0.0011401800589748727
2.4715071820544754	-0.0011305744814228069
2.5051110317749288	-0.0011223336806274065
2.539171776269646	-0.0011135151929092247
2.573695627708853	-0.0011070011893180947
2.6086888827265566	-0.0010977142896646474
2.644157923568951	-0.001092796796258542
2.680109219258449	-0.0010842848914227948
2.716549326773531	-0.0010792086145007716
2.7534848922446433	-0.0010722416310179133
2.7909226521663504	-0.0010672990468690228
2.8288694346259695	-0.0010609921759074296
2.8673321605489166	-0.0010566565972230527
2.906317844960974	-0.0010508642232334455
2.9458335982677304	-0.0010468331299501726
2.98588662755141	-0.001042020729835698
3.026484237885337	-0.0010376949629758096
3.0676338336662727	-0.0010340345785288358
3.109342919964865	-0.0010296555227034014
3.1516191038944625	-0.0010265029425672938
3.194470095998537	-0.0010226496722902574
3.2379037116569735	-0.0010195218144844333
3.2819278725114738	-0.001016366735763185
3.3265506079103524	-0.0010132703528310375
3.371780056372962	-0.001010551014782228
3.4176244670740448	-0.0010077581135040786
3.464092201348252	-0.001005197988813533
3.5111917342151306	-0.001002788164150967
3.55893165592484	-0.0010004080416236663
3.607320673524882	-0.0009982213701483897
3.656367612448139	-0.0009961197109525427
3.706081418122499	-0.0009940938366691941
3.7564711576023693	-0.0009922159110636241
3.807546021222372	-0.0009903823396526
3.8593153242735205	-0.0009886699728332993
3.9117885087021924	-0.0009870376627141339
3.9649751448321977	-0.0009854617659263698
4.018884933110264	-0.0009840005310942615
4.073527705875249	-0.0009825762488267008
4.128913429151419	-0.000981242743411182
4.185052204466096	-0.0009799696733515612
4.241954270692031	-0.000978753910828394
4.299630005914811	-0.000977603418395851
4.358089929325679	-0.0009765076212277934
4.417344703140071	-0.0009754631125774653
4.477405134542244	-0.000974474846862512
4.538282177656347	-0.0009735289601393728
4.599986935544288	-0.000972634325393405
4.662530662230765	-0.0009717811793443024
4.725924764755836	-0.0009709697864127658
4.790180805255388	-0.0009701986723521651
4.8553105030699	-0.000969465742490278
4.921325736881874	-0.0009687669921978386
4.988238546882333	-0.0009681048636805327
5.056061136966764	-0.0009674728875513712
5.124805876960934	-0.000966873409302071
5.194485304876955	-0.0009663023335757316
5.265112129200035	-0.000965759940842915
5.3366992312063095	-0.000965242996377091
5.409259667312202	-0.0009647529526533916
5.482806671455711	-0.0009642852749967045
5.557353657510084	-0.0009638413306124985
5.632914221730313	-0.0009634191567329611
5.709502145232879	-0.0009630173613204553
5.7871313965092295	-0.0009626347036408876
5.86581613397342	-0.0009622719597740707
5.945570708544392	-0.0009619258855189697
6.026409666263372	-0.000961597090742682
6.10834775094685	-0.0009612845283504107
6.19139990687563	-0.0009609869706373323
6.275581281520446	-0.0009607039713702492
6.360907228304629	-0.0009604349147020905
6.447393309404346	-0.0009601787074822097
6.535055298586907	-0.0009599354825533287
6.623909184087665	-0.000959703522238243
6.713971171526029	-0.0009594833465134636
6.805257686861126	-0.0009592735132989606
6.8977853793876545	-0.0009590741689105065
6.991571124772462	-0.0009588845051454552
7.086632028132419	-0.0009587038243262727
7.1829854271541285	-0.0009585322446420138
7.28064889525607	-0.0009583687948496979
7.379640244793722	-0.0009582132023762131
7.479977530308276	-0.0009580655125021318
7.581679051819497	-0.0009579245531700993
7.684763358163398	-0.0009577907172076169
7.789249250375254	-0.0009576631756801711
7.895155785118634	-0.0009575418737056909
8.002502278161053	-0.0009574264628930497
8.111308307896874	-0.0009573165373367349
8.221593718918117	-0.0009572118924807902
8.33337862563382	-0.0009571124077662709
8.446683415938601	-0.0009570175251596343
8.561528754931102	-0.0009569273169450054
8.677935588683004	-0.0009568413891777641
8.795925148059268	-0.0009567594977503631
8.915518952590332	-0.0009566816237673068
9.03673881439695	-0.0009566073799787587
9.15960684216839	-0.0009565366096038815
9.284145445194744	-0.0009564693247389686
9.410377337454033	-0.0009564050845440811
9.5383255417549	-0.0009563439380053655
9.668013393935633	-0.000956285639816556
9.79946454712026	-0.0009562300296502905
9.932702976032536	-0.0009561770787321724
10.067752981368567	-0.0009561265259595047
10.204639194228903	-0.0009560782999035288
10.343386580610872	-0.0009560323619494122
10.484020445962004	-0.000955988423802784
10.626566439795377	-0.0009559465536134463
10.77105056036769	-0.0009559065656830465
10.917499159420974	-0.0009558683315842732
11.065938946988735	-0.0009558318533716048
11.21639699626748	-0.0009557969480951588
11.368900748554458	-0.0009557635821741034
11.523478018252538	-0.0009557317093416541
11.680156997943147	-0.0009557011416650448
11.838966263528174	-0.0009556719291124925
11.999934779441778	-0.00095564394731591
12.163091903933081	-0.000955617089253883
12.32846739442066	-0.0009555913901140381
12.496091412919867	-0.0009555667094422459
12.665994531543925	-0.0009555430024087208
12.838207738079818	-0.000955520273259301
13.012762441640009	-0.0009554983802208785
13.189690478390984	-0.0009554773433706785
13.369024117359704	-0.0009554571011631638
13.550796066318973	-0.0009554375575420567
13.73503947775287	-0.0009554187595355653
13.921787954903255	-0.0009554005934921897
14.111075557898486	-0.0009553830295464433
14.3029368099655	-0.0009553660807919652
14.497406703726316	-0.000955349635639259
14.69452070758017	-0.000955333720618578
14.894314772172429	-0.0009553182896878447
15.096825336951431	-0.0009553032647971479
15.302089336814522	-0.0009552886906353435
15.51014420884441	-0.0009552744867731925
15.721027899137114	-0.000955260629512043
15.934778869722813	-0.0009552471272521509
16.151436105580693	-0.0009552339028180236
16.371039121749263	-0.000955220967587997
16.593627970533277	-0.0009552082996561202
16.819243248808696	-0.000955195838595676
17.047926105426942	-0.000955183613731299
17.279718248719828	-0.000955171564594926
17.514661954106543	-0.0009551596792388692
17.75280007180406	-0.0009551479658966066
17.994176034642354	-0.0009551363599166203
18.23883386598593	-0.0009551248723725745
18.48681818776299	-0.0009551134872344405
18.73817422860384	-0.0009551021573667264
18.992947832089893	-0.0009550909108778523
19.251185465114865	-0.0009550796931581669
19.512934226359633	-0.000955068496561355
19.77824185488233	-0.0009550573287852663
20.047156738825244	-0.0009550461399877267
20.319727924240077	-0.0009550349389995318
20.596005124033237	-0.0009550237120379222
20.876038727032675	-0.0009550124185360886
21.15987980717813	-0.0009550010827066694
21.447580132836176	-0.0009549896626593768
21.739192176242057	-0.0009549781492077963
22.0347691230698	-0.0009549665466149662
22.3343648821325	-0.0009549548152976456
22.63803409521449	-0.0009549429599806638
22.94583214703715	-0.0009549309703507454
23.257815175360314	-0.000954918811231124
23.574040081220883	-0.0009549064977444881
23.89456453931078	-0.0009548939976320692
24.219447008495926	-0.0009548813031554661
24.548746742478272	-0.0009548684126448139
24.882523800602772	-0.000954855294666976
25.220839058811332	-0.0009548419495781533
25.56375422074565	-0.000954828366081911
25.911331829001057	-0.000954814516434802
26.26363527653333	-0.000954800411395685
26.620728818220627	-0.0009547860186789084
26.98267758258263	-0.0009547713299140741
27.349547583658996	-0.000954756342330292
27.721405733049316	-0.000954741026934638
28.09831985211684	-0.0009547253824052959
28.480358684358023	-0.0009547093959729348
28.86759190794033	-0.0009546930397417375
29.260090148410516	-0.0009546763197501234
29.65792499157564	-0.0009546592080786623
30.061168996559246	-0.0009546416939747425
30.469895709035082	-0.0009546237702385818
30.88417967464071	-0.0009546054097437636
31.304096452573518	-0.0009545866069838203
31.72972262937161	-0.0009545673484538478
32.16113583288201	-0.0009545476069648945
32.59841474641885	-0.0009545273830806242
33.041639123113995	-0.0009545066491495397
33.490889800462874	-0.0009544853916475222
33.94624871506797	-0.00095446360045154
34.40779891758287	-0.0009544412485397928
34.87562458785947	-0.0009544183255241032
35.34981105030106	-0.0009543948149870207
35.830444789424284	-0.0009543706901017819
36.317613465632604	-0.0009543459448725072
36.81140593120422	-0.0009543205506956366
37.311912246497435	-0.0009542944911363931
37.81922369637629	-0.0009542677514966628
38.33343280685956	-0.0009542403036678005
38.854633361996136	-0.0009542121321892242
39.3829204209698	-0.0009541832168849806
39.91839033543663	-0.000954153529311665
40.46114076709807	-0.0009541230577907663
41.011270705513	-0.0009540917712701284
41.56888048615192	-0.0009540596485697982
42.13407180869664	-0.0009540266697098674
42.706947755588814	-0.0009539928038273599
43.287612810830566	-0.0009539580303820362
43.876172879040915	-0.0009539223244703496
44.472735304771085	-0.0009538856538673966
45.07740889208259	-0.0009538479999710293
45.69030392439153	-0.0009538093285896369
46.31153218458246	-0.0009537696131071904
46.94120697539615	-0.0009537288271402373
47.579443140094114	-0.0009536869358071958
48.226357083404416	-0.0009536439119501674
48.882066792752106	-0.0009535997245880264
49.546691859778356	-0.0009535543367536705
50.22035350215222	-0.0009535077219701732
50.90317458567889	-0.0009534598407095636
51.595279646708605	-0.0009534106595915306
52.29679491485018	-0.0009533601450032462
53.00784833599346	-0.000953308256355301
53.72856959564467	-0.0009532549586832456
54.45909014257917	-0.0009532002133490926
55.199543212815705	-0.0009531439765032215
55.95006385391666	-0.0009530862127878054
56.71078894961876	-0.0009530268759148729
57.481857244798555	-0.000952965924126352
58.263409370777445	-0.0009529033149045862
59.05558787097075	-0.0009528389994932133
59.85853722688543	-0.0009527729334820953
60.672403884471414	-0.000952705069241885
61.497336280831135	-0.0009526353542801163
62.33348487129219	-0.0009525637426733998
63.181002156848244	-0.0009524901789076601
64.0400427119728	-0.0009524146107047274
64.91076321281136	-0.0009523369846919759
65.79332246575679	-0.0009522572422219626
66.68788143641322	-0.0009521753273703793
67.5946032789538	-0.0009520911809753318
68.51365336587746	-0.0009520047397216891
69.44519931817058	-0.0009519159447355202
70.38941103587835	-0.0009518247287238941
71.34646072909214	-0.0009517310270238497
72.31652294935799	-0.0009516347729102616
73.2997746215121	-0.0009515358946797086
74.2963950759495	-0.0009514343225129448
75.30656608133104	-0.0009513299832764885
76.33047187773536	-0.0009512227997562227
77.36829921026147	-0.0009511126976330359
78.42023736308835	-0.0009509995949760241
79.48647819399741	-0.000950883411227677
80.5672161693647	-0.0009507640634598156
81.66264839962837	-0.0009506414641591647
82.77297467523896	-0.0009505155262850391
83.898397503098	-0.0009503861593678738
85.03912214349228	-0.0009502532687981615
86.19535664753033	-0.000950116761470552
87.36731189508771	-0.0009499765371708632
88.55520163326847	-0.0009498324960055145
89.75924251538929	-0.000949684535289745
90.97965414049393	-0.0009495325475659289
92.21665909340474	-0.0009493764246725661
93.47048298531881	-0.0009492160549176006
94.74135449495606	-0.0009490513221543117
96.02950541026686	-0.0009488821103140182
97.33517067070672	-0.0009487082966472814
98.65858841008557	-0.0009485297575966896
100.0	-0.0009483463658832593
