# mean mock P(k) for p=1.6, NGC Pk*A/Q0(0)
3.605441554244959116e+04
4.302353849218750111e+04
4.842095510156249657e+04
4.963220655468750192e+04
4.655475205468750210e+04
4.168740175195312622e+04
3.648124642187500285e+04
3.204582490234374927e+04
2.859691477343750012e+04
2.554591510546874997e+04
2.329009453906249837e+04
2.154843694726562535e+04
2.024053657714843575e+04
1.879643103613281346e+04
1.739527074218749840e+04
1.596240631738281263e+04
1.432759524902343765e+04
1.277720747265624959e+04
1.144873255761718792e+04
1.037349353027343750e+04
9.432131980957030464e+03
8.741138711425781366e+03
8.141816792480468393e+03
7.661698281250000036e+03
7.271133273925781396e+03
6.888226635253906352e+03
6.425093986328124629e+03
5.980082302246093604e+03
5.580691462402343859e+03
5.088976825195312813e+03
4.688161472167968896e+03
4.324606729492187696e+03
3.998848489990234157e+03
3.736022312011718896e+03
3.536044044433593626e+03
3.324615495117187493e+03
3.159233767333984360e+03
2.947492217529296795e+03
2.804185174926758009e+03
2.617345632812499844e+03
2.472955046386718550e+03
2.288042419189453085e+03
2.157859295898437722e+03
2.027554848876953201e+03
1.870186510681152413e+03
