# mean mock RIC P(k) for p=1.6, NGC Pk*A/Q0(0)
2.591969048084640599e+04
4.099343531835937756e+04
4.787835953515624715e+04
4.925841784570312302e+04
4.624654129296875180e+04
4.154825561718749668e+04
3.649504651562499930e+04
3.209543425390624907e+04
2.853158085937500073e+04
2.549983781445312343e+04
2.328191929296874878e+04
2.152312747656249849e+04
2.018410292773437322e+04
1.880833196875000067e+04
1.739765163085937456e+04
1.590199004394531221e+04
1.433748851269531224e+04
1.278003509277343801e+04
1.144164414062499964e+04
1.036104285205078122e+04
9.430050609863281352e+03
8.706717831542968270e+03
8.140956393066406235e+03
7.703415015624999796e+03
7.269601900390624905e+03
6.886002606933593597e+03
6.420580822753906432e+03
5.979485800292968634e+03
5.537143213623046904e+03
5.093933173583984171e+03
4.694530361572265974e+03
4.304551493652344107e+03
3.969763067138671886e+03
3.739481345458984379e+03
3.531956280273437642e+03
3.328103453613281090e+03
3.133834685302734215e+03
2.942651630371093688e+03
2.806722282958984579e+03
2.645732151123047061e+03
2.487454234008789172e+03
2.309665767822265479e+03
2.158176952392578187e+03
2.033006814697265554e+03
1.889545242553710978e+03
