# W_ric(k) for p=1.6, NGC Pk*A/Q0(0)
2.810952530812989014e-01
4.718587185005164442e-02
1.120580057266859671e-02
7.531172497287983401e-03
6.620393152490588323e-03
3.337846181769059221e-03
-3.782791188220365483e-04
-1.548075348775668388e-03
2.284649046238560431e-03
1.803704851652095792e-03
3.510181583865169342e-04
1.174538587882982890e-03
2.788149869395069140e-03
-6.331485266702903229e-04
-1.368698830367708140e-04
3.784910134238848173e-03
-6.905041285660909207e-04
-2.213018864442516348e-04
6.191442551841381094e-04
1.200239647937399127e-03
2.206681477688489780e-04
3.937802730188988062e-03
1.056765874241725057e-04
-5.444841710497859075e-03
2.106100215007723449e-04
3.228738597145149069e-04
7.024276351165756934e-04
9.974811766402066524e-05
7.803378680345563444e-03
-9.739380938291335209e-04
-1.358504702132600070e-03
4.637470432415146532e-03
7.273449575388464712e-03
-9.258599543542107976e-04
1.156027501012297414e-03
-1.049131396161844670e-03
8.039633626948705647e-03
1.642273092161266549e-03
-9.047576654037606941e-04
-1.084553677385135736e-02
-5.863101977229897600e-03
-9.450589050037167677e-03
-1.472090857565422275e-04
-2.688936293551887936e-03
-1.035123061897596369e-02
