# mean mock P(k) for p=3.0, NGC Pk*A/Q0(0)
-1.861245750078124984e+05
-2.014159801406250044e+05
-2.102477836874999921e+05
-2.118183601250000065e+05
-2.075646908124999900e+05
-2.021155122499999998e+05
-1.955124039687500044e+05
-1.901334153125000012e+05
-1.853191335312500014e+05
-1.815780121874999895e+05
-1.788674973906250088e+05
-1.766580399687500030e+05
-1.749075862343749905e+05
-1.731268232968749944e+05
-1.714550864374999946e+05
-1.695760995156250137e+05
-1.674984492968750128e+05
-1.657178301562500128e+05
-1.639623328593749902e+05
-1.626479193124999874e+05
-1.615585957812500128e+05
-1.607134594531249895e+05
-1.599364226718750142e+05
-1.592640516249999928e+05
-1.588240852343750012e+05
-1.582755597343750123e+05
-1.577655156562500051e+05
-1.571386971093750035e+05
-1.566449755781250133e+05
-1.560710330468750035e+05
-1.555648607968750002e+05
-1.551738507968749909e+05
-1.547269997968749958e+05
-1.543813471406250028e+05
-1.541614134062500088e+05
-1.538958660937499953e+05
-1.536188324062500033e+05
-1.534090606093750102e+05
-1.532130124687500065e+05
-1.530034523906249960e+05
-1.528218601093750040e+05
-1.525700452968750033e+05
-1.523939616406249988e+05
-1.521974441406250116e+05
-1.520681622343749914e+05
