# mean mock RIC P(k) for p=3.0, NGC Pk*A/Q0(0)
-1.756915277031250007e+05
-1.997027759375000023e+05
-2.097601663750000007e+05
-2.115313361718750093e+05
-2.077861753125000105e+05
-2.022593477343750128e+05
-1.959608794687500049e+05
-1.904582407031249895e+05
-1.856495348437500070e+05
-1.818746473124999902e+05
-1.791588550781249942e+05
-1.770064905937500007e+05
-1.751964391406250070e+05
-1.734727294843750133e+05
-1.718048861093749874e+05
-1.699077871875000128e+05
-1.678671969218750019e+05
-1.659930842031250068e+05
-1.642961344375000044e+05
-1.629651950468749856e+05
-1.618168357031249907e+05
-1.609621138281250023e+05
-1.602431717968749872e+05
-1.596262074375000084e+05
-1.590895546562499949e+05
-1.586010655156249995e+05
-1.580620589843750058e+05
-1.574853312031250098e+05
-1.569325708906250075e+05
-1.563812272656249988e+05
-1.558772864999999874e+05
-1.554191230312499974e+05
-1.550087275468749867e+05
-1.546892643749999988e+05
-1.544466384218749881e+05
-1.541620390468749974e+05
-1.539363618906250049e+05
-1.537012787968750054e+05
-1.535070328437499993e+05
-1.533004974687499925e+05
-1.530952993593749998e+05
-1.528717982968750002e+05
-1.526802521718750068e+05
-1.524952504062500084e+05
-1.523300544218749856e+05
