# W_ric(k) for p=3.0, NGC Pk*A/Q0(0)
2.903663042558479734e-01
4.093028559606968347e-02
1.554164604281233104e-02
1.204118063474238567e-02
4.046600697586485128e-03
5.625119313416819880e-03
-5.188690099419785914e-04
2.011486197431832431e-03
1.733765205112912725e-03
2.628494328120180214e-03
2.772666789295631477e-03
7.027529442951854039e-04
2.841022678624867143e-03
4.805803771860180248e-04
1.235938986192951802e-04
7.417220159132814324e-04
-1.493012804373493969e-03
3.581755295708142703e-03
-2.307520185171917971e-04
6.684211101636175836e-04
5.139626060885298109e-03
6.104718537033494360e-03
1.059105606766609252e-03
-4.418561042919979739e-03
5.014765622768454015e-03
-1.287158721678555509e-03
1.746902607231376340e-03
-4.445805741570218149e-03
2.723144145952353327e-03
-4.599984424343329134e-04
-1.050487976992577890e-03
9.444829297294734041e-03
3.665547810594398364e-03
-1.116934756354244626e-03
3.062384542973829987e-03
6.921212170282554053e-03
-3.812198317712718262e-03
1.520091720039689438e-03
1.034571257130276678e-03
2.022506853249947888e-04
6.136740107902560921e-03
-1.440225057914879111e-03
2.823122826417208062e-03
-7.277576419690371659e-04
1.059211234359780200e-02
