# W_ric(k) for p=1.0, SGC Pk*A/Q0(0)
1.877257228453269866e-01
4.807927241118024192e-02
1.814081369352311263e-02
8.528892962409401896e-03
1.529458941943866255e-03
7.664480626219240950e-03
5.272354240237253631e-03
-4.833083764756660188e-04
7.334329788032934155e-04
8.471966835206311925e-04
3.601639705129931236e-03
4.202109409355960466e-03
1.041858859119145940e-03
-2.296132779345498934e-03
2.486611615932686481e-03
-4.270985296619892314e-04
1.747162779700828878e-03
-3.543866045542090940e-04
1.016759960167779378e-03
-5.090124299609931173e-03
-4.394014701907928387e-03
-6.420478946781060694e-05
-5.828134135589417737e-03
-1.857311471080587677e-03
3.079109414394715170e-03
4.503682985481715446e-05
2.207067061135104739e-04
3.492294556161915304e-04
9.809869847880924032e-03
5.225179401340250031e-03
-7.525701087144995305e-03
-6.759476056072239239e-03
-1.234175633310075938e-03
-2.904021810120465405e-04
-4.578642061989706726e-03
-1.244380128796980511e-02
-4.106093738394173825e-03
3.330303258576211827e-03
-3.184614379890100388e-03
-1.306456773221006755e-04
1.811562665554542536e-03
1.079803915612358341e-03
8.025221005846639279e-04
1.602704436636969354e-03
4.847700932034463422e-03
2.397073082710695496e-03
6.271343879630519001e-03
5.447067170643466252e-03
1.534948734198579232e-02
7.145161729682856372e-03
7.511712447302390690e-03
1.041344607567791340e-02
1.203444587372758286e-02
2.415768124210493015e-03
-1.635378953418583498e-03
