# mean mock P(k) for p=3.0, SGC Pk*A/Q0(0)
7.595381113590240602e+03
1.713395054695892395e+04
2.186884287667846729e+04
2.272295208886718683e+04
2.055420431347656267e+04
1.744049107812500006e+04
1.413720851806640712e+04
1.107626423876953049e+04
8.598056792968749505e+03
6.671515736816406388e+03
5.190713085083008082e+03
3.891722872558593735e+03
2.939021300559997599e+03
2.008135190324783252e+03
9.366662463978528876e+02
-1.291199119691848693e+02
-1.175450334819316822e+03
-2.226853243044853116e+03
-3.174114184814452983e+03
-3.978496889038086010e+03
-4.595443618652343503e+03
-5.043212588134765610e+03
-5.528726133789062260e+03
-5.819527142822265887e+03
-6.120716474609374927e+03
-6.402913339111328241e+03
-6.700717687011719136e+03
-7.024674645019531454e+03
-7.262852982910156243e+03
-7.615270217773437253e+03
-7.894939518066405981e+03
-8.162202263183593459e+03
-8.393128726074219230e+03
-8.567221956054687325e+03
-8.729475538085936932e+03
-8.883320283691406075e+03
-8.993238968261719492e+03
-9.088615254394531803e+03
-9.241830578125000102e+03
-9.354998982421875553e+03
-9.448103274414062980e+03
-9.572226722656250786e+03
-9.691256390624999767e+03
-9.794228953125000771e+03
-9.865451658203124680e+03
-9.952028188476562718e+03
-1.003376324316406317e+04
-1.010994443652343762e+04
-1.015727856054687436e+04
-1.026286189941406337e+04
-1.032556633300781323e+04
-1.036199201660156177e+04
-1.040910837792968778e+04
-1.046452708984375022e+04
-1.051875657812499958e+04
