# mean mock RIC P(k) for p=3.0, SGC Pk*A/Q0(0)
2.485691673174157586e+03
1.539133930494976084e+04
2.105352001098632900e+04
2.226241212402343808e+04
2.050062290136718730e+04
1.732380972167968866e+04
1.409824266650390564e+04
1.111256923193359398e+04
8.671505280761719405e+03
6.746680492675781352e+03
5.128608110748291438e+03
3.904649858383178525e+03
2.893592869865417470e+03
2.017024717621326545e+03
9.785032375842332613e+02
-6.787416376842558918e+01
-1.151979861133515897e+03
-2.210282478248596362e+03
-3.118913001892090051e+03
-3.923650249633788917e+03
-4.538786067138671569e+03
-5.014002224121093604e+03
-5.414859078857421991e+03
-5.747805356445312100e+03
-6.061054141113280821e+03
-6.344181640136718670e+03
-6.639634099121093641e+03
-6.949309974121093546e+03
-7.261054417968750386e+03
-7.583224846191405959e+03
-7.835561312011718655e+03
-8.090756054199218852e+03
-8.324278229492187165e+03
-8.511079853515624563e+03
-8.670075553222655799e+03
-8.805194942382811860e+03
-8.931110309570312893e+03
-9.049893403808593575e+03
-9.169659200195312224e+03
-9.298391545898437471e+03
-9.413214462890624418e+03
-9.533521547851561991e+03
-9.645730223632812340e+03
-9.749064949218749462e+03
-9.832548220703125480e+03
-9.910829481445312922e+03
-9.992811374999999316e+03
-1.005875195703125064e+04
-1.013546545312499984e+04
-1.020198295898437573e+04
-1.026854889746093795e+04
-1.030417375292968791e+04
-1.036905217871093737e+04
-1.042143345507812410e+04
-1.046705712304687586e+04
