# W_ric(k) for p=3.0, SGC Pk*A/Q0(0)
6.727364123010803887e-01
1.017051635134114673e-01
3.728239625159230491e-02
2.026761149003101017e-02
2.606834654953984858e-03
6.690256365066505999e-03
2.756262066355301237e-03
-3.277729059314734607e-03
-8.542452040213786152e-03
-1.126651855808152164e-02
1.196463247278932961e-02
-3.321661446074655136e-03
1.545699266824784521e-02
-4.426757391321625192e-03
-4.466584693029489184e-02
4.743323261820058812e-01
1.996721851239139506e-02
7.441336714941742744e-03
1.739105139520675039e-02
1.378576908163872336e-02
1.232907118775342266e-02
5.792015209193366806e-03
2.059553180537132544e-02
1.232433230686355054e-02
9.747606141142449096e-03
9.172652488649964131e-03
9.115976936176011305e-03
1.072856391318723589e-02
2.476389024585747781e-04
4.208041299340887186e-03
7.521046351122646564e-03
8.753300479533529521e-03
8.203197976475696054e-03
6.553128053299193262e-03
6.804530765236033001e-03
8.794610439975010865e-03
6.908374047511304031e-03
4.260478576999441117e-03
7.809208069720982234e-03
6.051036096295033667e-03
3.692678891213987177e-03
4.043487051249897678e-03
4.697653756867678325e-03
4.611287332816640938e-03
3.335218562714255871e-03
4.139729736593161444e-03
4.081406663842112453e-03
5.063576740070672468e-03
2.147534626706160479e-03
5.931965276972439756e-03
5.521966903123485398e-03
5.579840592353265370e-03
3.848187353268518480e-03
4.118068059420501408e-03
4.914977801239251223e-03
