# mean mock RIC P(k) for p=3.0, SGC Pk*A/Q0(0)
-1.388221502734374953e+05
-1.517277976171874907e+05
-1.573899781093749916e+05
-1.585988702812500123e+05
-1.568370813593750063e+05
-1.536602683437500091e+05
-1.504347008593750070e+05
-1.474490278124999895e+05
-1.450079635468749912e+05
-1.430831384687499958e+05
-1.414650663437499898e+05
-1.402411084843749995e+05
-1.392300509218749939e+05
-1.383534830468749860e+05
-1.373149618124999979e+05
-1.362685841718750016e+05
-1.351844784062500112e+05
-1.341261758359374944e+05
-1.332175455234374967e+05
-1.324128083515625040e+05
-1.317976723906249972e+05
-1.313224560781249893e+05
-1.309215993281249976e+05
-1.305886528906250023e+05
-1.302754042578124936e+05
-1.299922768437500054e+05
-1.296968242812499957e+05
-1.293871483671875030e+05
-1.290754038437499985e+05
-1.287532335546874965e+05
-1.285008970156249998e+05
-1.282457022812500072e+05
-1.280121801718750066e+05
-1.278253786093749950e+05
-1.276663828359375038e+05
-1.275312634218750027e+05
-1.274053480234375020e+05
-1.272865648984375002e+05
-1.271667991796874994e+05
-1.270380668124999938e+05
-1.269232438671874988e+05
-1.268029367968750012e+05
-1.266907281562499993e+05
-1.265873932578124950e+05
-1.265039100390624953e+05
-1.264256287812499941e+05
-1.263436470937499980e+05
-1.262777064843749977e+05
-1.262009930781250005e+05
-1.261344755937500013e+05
-1.260679091953125026e+05
-1.260322845312499994e+05
-1.259674061953125056e+05
-1.259150250703125057e+05
-1.258694013671875000e+05
