# mean mock P(k) for p=3.0, SGC Pk*A/Q0(0)
-1.439262364843749965e+05
-1.534648056171874923e+05
-1.581996978125000023e+05
-1.590538070781250135e+05
-1.568850596093749919e+05
-1.537713458593749965e+05
-1.504680636250000098e+05
-1.474071193593750068e+05
-1.449289119531250035e+05
-1.430023707187499967e+05
-1.415215683281249949e+05
-1.402225778437500121e+05
-1.392698765000000130e+05
-1.383389901406250137e+05
-1.372675213281250035e+05
-1.362017353906249919e+05
-1.351554045937499905e+05
-1.341040020078124944e+05
-1.331567407187499921e+05
-1.323523580703125044e+05
-1.317354113906249986e+05
-1.312876423437499907e+05
-1.308021288593750069e+05
-1.305113279140624945e+05
-1.302101383593750070e+05
-1.299279415937500016e+05
-1.296301372187499946e+05
-1.293061802187499998e+05
-1.290680020390624995e+05
-1.287155847968750022e+05
-1.284359153437500063e+05
-1.281686529609374993e+05
-1.279377262500000070e+05
-1.277636329531249939e+05
-1.276013793828125054e+05
-1.274475347656249942e+05
-1.273376160312499997e+05
-1.272422399531249976e+05
-1.270890246406249935e+05
-1.269758562343749945e+05
-1.268827518281249941e+05
-1.267586282187500037e+05
-1.266395985937499936e+05
-1.265366260546874983e+05
-1.264654034218750021e+05
-1.263788267578124942e+05
-1.262970918515624944e+05
-1.262209106015625002e+05
-1.261735764531250024e+05
-1.260679930078125035e+05
-1.260052886718749942e+05
-1.259688632343750069e+05
-1.259217465078124951e+05
-1.258663278359374963e+05
-1.258120985468750005e+05
