# W_ric(k) for p=3.0, SGC Pk*A/Q0(0)
2.690511795139262641e-01
6.302541684169010727e-02
2.656533972542837393e-02
1.557244616130764626e-02
3.939134789474022132e-03
6.453281609647318687e-03
4.144540704798587924e-03
1.280113176578328389e-03
-4.981290776555656130e-04
-7.347603773973099012e-04
7.290753697460887299e-03
3.002081081987434397e-03
7.146874426076901300e-03
3.590301067814482931e-03
1.201171586608653589e-03
-4.528317180726526103e-04
3.041038788541918642e-03
4.025105461385435242e-03
-1.786788597920129895e-04
-2.507883402651194102e-04
-6.073273107609440582e-04
3.459080437841921367e-03
-1.022107367673460131e-02
-3.515006031061584067e-03
-1.552969581646931104e-03
-1.513079685287381819e-03
-2.122438900025721414e-03
-5.433830530750818032e-03
1.108927742428279621e-02
4.446567699750902415e-03
-2.598361923207336954e-03
-6.367165587814574076e-03
-6.078344769967606448e-03
-2.306485416789489252e-03
-3.606390607384016896e-03
-1.069172406490940218e-02
-5.080918607589586522e-03
3.932759208381466677e-03
-9.932103308924439267e-03
-3.590380186513331476e-03
6.183425738371447523e-03
4.646090785819322229e-03
1.343726917750617854e-03
1.569867726176817210e-03
8.579669385210465793e-03
4.007331623404847103e-03
4.311727974874215649e-03
-2.275513024687938601e-03
1.768260917451337094e-02
-9.737598097657130733e-03
-7.258942329322431303e-03
-8.121134856862343571e-03
6.166158310735841280e-03
3.816847902593160750e-03
-3.884700686109549429e-03
