# Tk at z_eff=1.7584 (p=1.6, NGC) raw output of classy 
#  dict_keys(['k (h/Mpc)', 'd_g', 'd_b', 'd_cdm', 'd_ur', 'd_ncdm[0]', 'd_tot', 'phi', 'psi'])
1.043377881430805103e-05 -5.960552248244832063e-04 -4.471377739174151370e-04 -4.471377841770790779e-04 -5.960520259780928507e-04 -4.471337942897969696e-04 -4.472419590613859407e-04 5.894305303161381238e-01 5.889992585763379473e-01
1.313534929037202208e-05 -9.445641795882103557e-04 -7.086651534501337089e-04 -7.086651792204584936e-04 -9.445561451306421375e-04 -7.086575378793737601e-04 -7.088301937462601664e-04 5.894300179746897461e-01 5.889988250120531399e-01
1.653642501444182178e-05 -1.496732751743260923e-03 -1.123157429252848172e-03 -1.123157493980018410e-03 -1.496712573321804397e-03 -1.123142073186459648e-03 -1.123418794478414640e-03 5.894292104318110681e-01 5.889981422519511289e-01
2.081812567090954053e-05 -2.371406752707702972e-03 -1.780081721088383646e-03 -1.780081883660964695e-03 -2.371356078539742663e-03 -1.780049128943186334e-03 -1.780495439702507688e-03 5.894279443175017841e-01 5.889970739339495109e-01
2.620846743303251739e-05 -3.756530990973003855e-03 -2.821232107841154316e-03 -2.821232516133593670e-03 -3.756403752340088838e-03 -2.821159719251803682e-03 -2.821886508576539401e-03 5.894259057570248039e-01 5.889953485975042424e-01
3.299450565562448486e-05 -5.948942399117985655e-03 -4.471333353197396755e-03 -4.471334378517233601e-03 -5.948622979559049957e-03 -4.471166547350071026e-03 -4.472367247329994688e-03 5.894226902001562518e-01 5.889926292923939322e-01
4.153762161945203773e-05 -9.416498311056535273e-03 -7.086539908802757214e-03 -7.086542483234916853e-03 -9.415696722728125051e-03 -7.086144736415067764e-03 -7.088170336761412567e-03 5.894175828998169386e-01 5.889883074899748827e-01
5.229276740221896000e-05 -1.489419871062745010e-02 -1.123129349665429044e-02 -1.123129995923874760e-02 -1.489218820226894877e-02 -1.123033866963470302e-02 -1.123385702522196848e-02 5.894094854999605282e-01 5.889814527857623050e-01
6.583269373569511308e-05 -2.353068112517305369e-02 -1.780011143494201684e-02 -1.780012765162867008e-02 -2.352564289911936515e-02 -1.779777309134182930e-02 -1.780412291974179523e-02 5.893966792074997185e-01 5.889706102941578703e-01
8.287845107072927249e-05 -3.710587833365588256e-02 -2.821054898216665552e-02 -2.821058965074031352e-02 -3.709327029948498305e-02 -2.820477118637416264e-02 -2.821677805169679060e-02 5.893763984005249146e-01 5.889534274981568229e-01
1.043377881430805848e-04 -5.834019882923318495e-02 -4.470888397117299407e-02 -4.470898586409706443e-02 -5.830871677114284057e-02 -4.469452531001880807e-02 -4.471843503523194319e-02 5.893443222720232688e-01 5.889262255800201684e-01
1.313534929037203224e-04 -9.129732357950481880e-02 -7.085423367618030877e-02 -7.085448858087010915e-02 -9.121898667008353223e-02 -7.081842149065564751e-02 -7.086857160576104375e-02 5.892936550566156839e-01 5.888831941855826591e-01
1.653642501444183466e-04 -1.418139563251065438e-01 -1.122849362731963840e-01 -1.122855724507364483e-01 -1.416201045603402431e-01 -1.121954253291306963e-01 -1.123056824287821526e-01 5.892137766225570283e-01 5.888151961768740561e-01
2.081812567090955408e-04 -2.176970894758692432e-01 -1.779309662097005584e-01 -1.779325480267531789e-01 -2.172215620789364199e-01 -1.777069928139144439e-01 -1.779589967397317840e-01 5.890882270559187894e-01 5.887079303718082413e-01
2.620846743303253501e-04 -3.279732250134770322e-01 -2.819300154562658922e-01 -2.819339253354601338e-01 -3.268228204730751485e-01 -2.813694399549124259e-01 -2.819627163248898949e-01 5.888918247236153425e-01 5.885391778518959116e-01
3.299450565562450925e-04 -4.795828522809772454e-01 -4.466509314181067447e-01 -4.466605058435699771e-01 -4.768604742108926153e-01 -4.452485876547404020e-01 -4.466750483698102014e-01 5.885868126226686536e-01 5.882748147237216729e-01
4.153762161945206348e-04 -6.687506017890106902e-01 -7.074534880864746800e-01 -7.074765941156759830e-01 -6.625294925924692935e-01 -7.039502020012949890e-01 -7.074285415094564433e-01 5.881183158216395368e-01 5.878633844885230442e-01
5.229276740221899117e-04 -8.648311898978794376e-01 -1.120156951021162195e+00 -1.120211459102651963e+00 -8.513817393108810139e-01 -1.111427465688822336e+00 -1.119981503732504491e+00 5.874102207127778197e-01 5.872294809256066728e-01
6.583269373569515916e-04 -9.942071043570034350e-01 -1.772706704518736798e+00 -1.772830876240272469e+00 -9.675702302607757099e-01 -1.751046973537959683e+00 -1.772162154419226976e+00 5.863636454275825693e-01 5.862673529984587795e-01
8.287845107072932399e-04 -9.637329725802241676e-01 -2.803296126135822242e+00 -2.803564580150873731e+00 -9.177123695316949936e-01 -2.749919434254581407e+00 -2.801982284773648413e+00 5.848593346264990833e-01 5.848379075385389259e-01
1.043377881430806661e-03 -7.924500395122922036e-01 -4.428327380031227278e+00 -4.428866247478817186e+00 -7.275141306039339950e-01 -4.298192521582627101e+00 -4.425631854578938373e+00 5.827570547695117842e-01 5.827721873374898109e-01
1.313534929037204037e-03 -7.448681927871806385e-01 -6.985190636043486556e+00 -6.986176660078678324e+00 -6.735554468418867291e-01 -6.673101375901614674e+00 -6.980223063646141313e+00 5.798689430399931455e-01 5.798742862770955853e-01
1.653642501444184225e-03 -8.917694294715453607e-01 -1.099671506539483268e+01 -1.099838295238712682e+01 -8.269866503313211270e-01 -1.026642430903818948e+01 -1.098772478479822290e+01 5.758938688771361170e-01 5.758859921321535236e-01
2.081812567090956384e-03 -7.338321793355138123e-01 -1.726699623598140576e+01 -1.726984021125245050e+01 -6.931585687692527475e-01 -1.561610303416186696e+01 -1.725033538931813837e+01 5.704472835418575860e-01 5.704487448791295545e-01
2.620846743303254910e-03 -7.836204793606180719e-01 -2.701980313951390045e+01 -2.702516809369090822e+01 -7.644045389215974318e-01 -2.345006879665247368e+01 -2.698979192619924561e+01 5.631258217728274396e-01 5.631231204105813237e-01
3.299450565562452118e-03 -6.820111262852751599e-01 -4.209605295540513481e+01 -4.210675097440508097e+01 -6.573379213742505112e-01 -3.474954098602732699e+01 -4.204280792531407229e+01 5.534651438734531359e-01 5.534643949779451955e-01
4.153762161945208191e-03 -6.875311887705543024e-01 -6.522382830986377655e+01 -6.524578147166960207e+01 -6.432595700271369621e-01 -5.075774392466632179e+01 -6.513163067890809543e+01 5.409856202765963573e-01 5.409846756817243696e-01
5.229276740221901719e-03 -6.578668000229093149e-01 -1.003681128240862961e+02 -1.004156078271526837e+02 -6.290954326009284836e-01 -7.277788788805931119e+01 -1.002133490129071731e+02 5.251895554420372703e-01 5.251889977709601753e-01
6.583269373569518301e-03 -6.786259533352090312e-01 -1.531467918320429362e+02 -1.532525771224988205e+02 -6.678954419564697709e-01 -1.019177491807155604e+02 -1.528970358159538137e+02 5.055769096634287196e-01 5.055766563121834034e-01
8.287845107072935869e-03 -6.023890626011614291e-01 -2.312338185329891758e+02 -2.314745970022765107e+02 -5.812995257092070656e-01 -1.389504360499603308e+02 -2.308567686370175238e+02 4.816464629092143679e-01 4.816464173526481263e-01
1.043377881430807008e-02 -5.663339994003244726e-01 -3.445585393127428233e+02 -3.451114662817992667e+02 -5.464825902009783354e-01 -1.827383874451755048e+02 -3.440491302046398800e+02 4.529032275710600519e-01 4.529032170999723328e-01
1.313534929037204514e-02 -5.236236092920892871e-01 -5.048489727717456503e+02 -5.061137946845045690e+02 -5.052618669578448074e-01 -2.286926018919292858e+02 -5.043065217510749676e+02 4.188697006006650847e-01 4.188696966833889146e-01
1.653642501441474066e-02 -4.739113137022707978e-01 -7.237563316598776737e+02 -7.265954783225931806e+02 -4.572861754585689220e-01 -2.766809376544678685e+02 -7.236061976527596471e+02 3.792156059352681519e-01 3.792156035537952441e-01
2.081812550581494531e-02 -4.172009445215481005e-01 -1.008712628330905659e+03 -1.014844991879510303e+03 -4.025579599163443545e-01 -3.103272794324310553e+02 -1.009984561677732586e+03 3.339629966130625016e-01 3.339629949712564216e-01
2.620834159861067797e-02 -3.548924270607162756e-01 -1.357354805492475180e+03 -1.369737281955128992e+03 -3.424310342062894530e-01 -3.247089452913941727e+02 -1.362105418067696064e+03 2.841830965814404197e-01 2.841830955052628838e-01
3.297707069353843917e-02 -2.911108417116221592e-01 -1.758592933042755249e+03 -1.780903600714809272e+03 -2.808850339542517949e-01 -3.161331515034082713e+02 -1.769524013305144763e+03 2.331839864837390308e-01 2.331839858251706643e-01
4.095687481729270302e-02 -2.360754478493287123e-01 -2.196675722175441933e+03 -2.229519780196516876e+03 -2.277801749679702337e-01 -2.930148418567229101e+02 -2.214035947944540567e+03 1.891460711502384318e-01 1.891460707568582145e-01
4.769128111748335841e-02 -2.042163567970554927e-01 -2.578314967151472956e+03 -2.615447701869501543e+03 -1.970389876278880736e-01 -2.739295050037450778e+02 -2.597187615620570796e+03 1.636407838485137156e-01 1.636407835783580678e-01
5.257408315740727534e-02 -1.873529983879062555e-01 -2.878696762834832043e+03 -2.915615427469298083e+03 -1.807674092925517229e-01 -2.624546883202976346e+02 -2.895769690146648827e+03 1.501366667487878115e-01 1.501366665363071673e-01
5.659956586758269070e-02 -1.761608657405595024e-01 -3.141664870091727607e+03 -3.176772028861039416e+03 -1.699680716048324325e-01 -2.542340013625168353e+02 -3.155810370786020030e+03 1.411727388861717114e-01 1.411727387088911045e-01
6.019323165754984079e-02 -1.675312857631426899e-01 -3.383518387990163319e+03 -3.416409982413308626e+03 -1.616414043506537446e-01 -2.474006807420578298e+02 -3.394514610596146667e+03 1.342605692231560732e-01 1.342605690708359445e-01
6.354465018369143126e-02 -1.601943564913203277e-01 -3.609290880691969051e+03 -3.640225084057591175e+03 -1.545620713043713568e-01 -2.410515090885981238e+02 -3.617440198409043205e+03 1.283835798157527686e-01 1.283835796827372533e-01
6.675411010677707868e-02 -1.535217480826196190e-01 -3.819904178822880567e+03 -3.849592660533065100e+03 -1.481237966601131328e-01 -2.346782911594692962e+02 -3.825881638749385274e+03 1.230386630693507399e-01 1.230386629521176972e-01
6.988172453642764459e-02 -1.471718064322816433e-01 -4.014692856835210932e+03 -4.044177920711686056e+03 -1.419969214771544808e-01 -2.281053957761737081e+02 -4.019453080359325213e+03 1.179521386294388741e-01 1.179521385255483390e-01
7.296696933989939293e-02 -1.409565120435086472e-01 -4.192539969924022444e+03 -4.223089098442423165e+03 -1.360000190065407955e-01 -2.212299236147071326e+02 -4.197231524213953890e+03 1.129734480608720060e-01 1.129734479685290949e-01
7.603765997589209680e-02 -1.347843991775506400e-01 -4.352586360195478846e+03 -4.385582748830020137e+03 -1.300448285422434180e-01 -2.139012495464057224e+02 -4.358458522912647823e+03 1.080292839359827395e-01 1.080292838538221278e-01
7.911454529889075382e-02 -1.286303958264662650e-01 -4.494714478294542459e+03 -4.531535899323534068e+03 -1.241071506086311033e-01 -2.061776412925172224e+02 -4.503012862676453551e+03 1.030995034777994757e-01 1.030995034046914977e-01
8.221385964216429421e-02 -1.225175957805488547e-01 -4.619919783112251935e+03 -4.661806303394239876e+03 -1.182092548952957400e-01 -1.982356510785858745e+02 -4.631770279527218918e+03 9.820260073476527740e-02 9.820260066971117641e-02
8.534883475414022092e-02 -1.165037416432231770e-01 -4.730558478820463279e+03 -4.778476798819468968e+03 -1.124068462186434969e-01 -1.901455871453202349e+02 -4.746846057743368874e+03 9.338475880978040766e-02 9.338475875191691589e-02
8.853064283441744453e-02 -1.106698550483852933e-01 -4.830493818243682654e+03 -4.885006203352907505e+03 -1.067780880579349556e-01 -1.820344015876598576e+02 -4.851745151734186038e+03 8.871085923807833784e-02 8.871085918661827940e-02
9.176900992719827510e-02 -1.051079548969470756e-01 -4.925019843685016895e+03 -4.986174377574988284e+03 -1.014117555011611743e-01 -1.741549086774499813e+02 -4.951304494486528711e+03 8.425459170200852443e-02 8.425459165621063118e-02
9.507262892646779762e-02 -9.990825125440716548e-02 -5.020549674070526635e+03 -5.087815879154290997e+03 -9.639488136620631697e-02 -1.667085062931362813e+02 -5.051420104003963388e+03 8.008819631165185748e-02 8.008819627082600090e-02
9.844944571560064472e-02 -9.514839256358278985e-02 -5.124184200165716902e+03 -5.196433770337936039e+03 -9.180237682556449674e-02 -1.598052939220151245e+02 -5.158655630214466328e+03 7.627391048969395237e-02 7.627391045321331442e-02
1.019068621252263857e-01 -9.087966168837481595e-02 -5.242823157466008524e+03 -5.318400655662066129e+03 -8.768371865835784817e-02 -1.535437519165292031e+02 -5.279433772186362148e+03 7.285284396788362093e-02 7.285284393518347279e-02
1.054518826547446858e-01 -8.711879636886057932e-02 -5.382286668426124379e+03 -5.459155917797278562e+03 -8.405505519941540438e-02 -1.480063344904104667e+02 -5.419225778166750388e+03 6.983844935839492174e-02 6.983844932896816904e-02
1.090912221330706533e-01 -8.384151563106817528e-02 -5.546249194184521002e+03 -5.622229960529273740e+03 -8.089296163225262459e-02 -1.431978614877021130e+02 -5.581566300988727562e+03 6.721132982535328593e-02 6.721132979876043301e-02
1.128313855953949896e-01 -8.098102732525133685e-02 -5.735246379188774881e+03 -5.808322330838122070e+03 -7.813299757497843556e-02 -1.390184469654605266e+02 -5.767124998578667146e+03 6.491806000407042421e-02 6.491805997994529176e-02
1.166787279874305638e-01 -7.843285596401308735e-02 -5.945973990357915682e+03 -6.014637478884548727e+03 -7.567436748120444368e-02 -1.352936372042114215e+02 -5.973040106300752086e+03 6.287501000741933799e-02 6.287500998547136677e-02
1.206394989759898007e-01 -7.606554170486182209e-02 -6.171060979929874520e+03 -6.234643096565087944e+03 -7.339024043168571043e-02 -1.318014890946912203e+02 -6.192680476244569945e+03 6.097694017212866580e-02 6.097694015213449281e-02
1.247198766315051471e-01 -7.373770636622585528e-02 -6.399595659217318826e+03 -6.458511748249129596e+03 -7.114421633501599729e-02 -1.283074220853334282e+02 -6.416098359378059286e+03 5.911064118311566001e-02 5.911064116490984122e-02
1.289259927523367377e-01 -7.131957364903911134e-02 -6.618549504800814248e+03 -6.674388267967625325e+03 -6.881108800592501684e-02 -1.245930738057795395e+02 -6.631314920651300781e+03 5.717217103696832503e-02 5.717217102042883997e-02
1.332639519395265038e-01 -6.871622304645785828e-02 -6.815131962853233745e+03 -6.870521368665375121e+03 -6.629927577715892528e-02 -1.204958915049488155e+02 -6.826476008422189807e+03 5.508548649822561649e-02 5.508548648325807540e-02
1.377398460901775312e-01 -6.588705771921359033e-02 -6.979712450250918664e+03 -7.037932137771929774e+03 -6.356961053451228028e-02 -1.159447585230916502e+02 -6.992546757042017816e+03 5.281802859956749585e-02 5.281802858608978385e-02
1.423597656850012216e-01 -6.285654502082682615e-02 -7.108741017586857197e+03 -7.173105613481947330e+03 -6.064569488097716621e-02 -1.109827787030247208e+02 -7.126025250092097849e+03 5.038935750326507118e-02 5.038935749119081292e-02
1.471298090529082336e-01 -5.971209962160812373e-02 -7.206853555422566387e+03 -7.279957154202725178e+03 -5.761186323601787812e-02 -1.057586766720771578e+02 -7.230920424059311699e+03 4.786942717179759610e-02 4.786942716102800949e-02
1.520560906705344939e-01 -5.658779744249343990e-02 -7.287373771308777577e+03 -7.370364701545794560e+03 -5.459746813069427801e-02 -1.005150365189875714e+02 -7.319276734293063782e+03 4.536558499861215177e-02 4.536558498903065645e-02
1.571447494749977913e-01 -5.363499112820137998e-02 -7.370490561201399032e+03 -7.462585857534115348e+03 -5.174853072199710191e-02 -9.553261233301967081e+01 -7.409561536699415228e+03 4.299903873649229408e-02 4.299903872796769638e-02
1.624019581183401839e-01 -5.098490912969712990e-02 -7.478881619847291404e+03 -7.577335009688991704e+03 -4.919165838652642814e-02 -9.106331156234570301e+01 -7.522691049484633368e+03 4.087489869319575059e-02 4.087489868558921713e-02
1.678339340610477959e-01 -4.871142553134138325e-02 -7.631267168466664771e+03 -7.731914978327985409e+03 -4.699812560839284475e-02 -8.723638255751946247e+01 -7.676101304085391348e+03 3.905234637719433299e-02 3.905234637037293538e-02
1.734469533822585174e-01 -4.680625544651564884e-02 -7.835622362328796044e+03 -7.933979717696789521e+03 -4.515993909195112344e-02 -8.401126030762942776e+01 -7.877456633512999360e+03 3.752482298463068189e-02 3.752482297848033777e-02
1.792473681711116706e-01 -4.517722986594648049e-02 -8.084512408074138875e+03 -8.177175890332357994e+03 -4.358817995240609616e-02 -8.125607248304625330e+01 -8.120266150281267983e+03 3.621851750586519564e-02 3.621851750029625450e-02
1.852416283549576936e-01 -4.368026775265795858e-02 -8.356352440401096828e+03 -8.442252054286867860e+03 -4.214384166752539740e-02 -7.875146155997374819e+01 -8.385010864722356928e+03 3.501808801013946842e-02 3.501808800508701691e-02
1.914363088159334592e-01 -4.215009078813414939e-02 -8.618237002048796057e+03 -8.699271816419504830e+03 -4.066746490497216704e-02 -7.612077490509750533e+01 -8.641441923576270710e+03 3.379119657978232882e-02 3.379119657520981285e-02
1.978381426500226969e-01 -4.045916169929511530e-02 -8.837137675944517468e+03 -8.917750552297165996e+03 -3.903600483414020050e-02 -7.322276646970315994e+01 -8.858833071383949573e+03 3.243563793288292002e-02 3.243563792876565793e-02
2.044540614366398001e-01 -3.858009544769125387e-02 -8.996858483170448380e+03 -9.082472668236301615e+03 -3.722303859460885517e-02 -6.992830046471837591e+01 -9.021893354035486482e+03 3.092944888415029986e-02 3.092944888046880031e-02
2.112912434186454136e-01 -3.659116581026188725e-02 -9.106609098049293607e+03 -9.201434467240327649e+03 -3.530407976125038427e-02 -6.645420497959348438e+01 -9.138769181768508133e+03 2.933531030850039176e-02 2.933531030522514016e-02
2.183571705513595307e-01 -3.463496935910560098e-02 -9.198274588573875008e+03 -9.303379867732535786e+03 -3.341670305938561347e-02 -6.298173738446460135e+01 -9.238549348096945323e+03 2.776737602927735818e-02 2.776737602637103716e-02
2.256596954756984463e-01 -3.285249506692314303e-02 -9.313133817281268421e+03 -9.425779086439715684e+03 -3.169692949843381374e-02 -5.983367992415440284e+01 -9.359109025015552106e+03 2.633858776478179009e-02 2.633858776219675721e-02
2.332071196186495665e-01 -3.132686898757072042e-02 -9.484576966154623733e+03 -9.599378288246582088e+03 -3.022496273141502335e-02 -5.714551725031117968e+01 -9.531450383482440884e+03 2.511547260588673988e-02 2.511547260357552963e-02
2.410082838404624950e-01 -3.004595797669059459e-02 -9.720548198937751295e+03 -9.832167913740449876e+03 -2.898909469012073137e-02 -5.487652910387292593e+01 -9.763514675142307169e+03 2.408841448411796690e-02 2.408841448204004226e-02
2.490726733524173120e-01 -2.890236263083638402e-02 -9.993982679565389844e+03 -1.010006142868461393e+04 -2.788571081221292297e-02 -5.284183202992650052e+01 -1.003087177267975494e+04 2.317141130087780124e-02 2.317141129900448029e-02
2.574105390470100008e-01 -2.775423765788494895e-02 -1.025545326594764265e+04 -1.035805763660382763e+04 -2.677796212119456370e-02 -5.079798854079371750e+01 -1.028805809789568229e+04 2.225085640502732706e-02 2.225085640334133891e-02
2.660330379459330818e-01 -2.651056511291222800e-02 -1.046340878063610944e+04 -1.056785492603772036e+04 -2.557803406641752375e-02 -4.857060967366594895e+01 -1.049646004842056755e+04 2.125385335566501790e-02 2.125385335415581889e-02
2.749523962221981921e-01 -2.517818552099528387e-02 -1.061053014510757021e+04 -1.072197419985445413e+04 -2.429252738451662119e-02 -4.618272508009564348e+01 -1.064866285924234217e+04 2.018580294424427574e-02 2.018580294290105506e-02
2.841820992472194329e-01 -2.385343816835161154e-02 -1.073256217529973765e+04 -1.085248161955163596e+04 -2.301438389815373478e-02 -4.380247107237823201e+01 -1.077714471718488312e+04 1.912389047875219170e-02 1.912389047755978788e-02
2.937371144283142943e-01 -2.265213104937155095e-02 -1.088604358402103753e+04 -1.101123400511526233e+04 -2.185533347330767887e-02 -4.164376493681869817e+01 -1.093422915597481551e+04 1.816086340169811159e-02 1.816086340063707491e-02
3.036341543436755219e-01 -2.161475628414066819e-02 -1.110137846465940675e+04 -1.122652822805978940e+04 -2.085444444827484409e-02 -3.975903520467132779e+01 -1.114839702121826485e+04 1.732914563396583535e-02 1.732914563301777428e-02
3.138919900014220388e-01 -2.068622158422927723e-02 -1.135942461075325809e+04 -1.148149615789118616e+04 -1.995856557298141334e-02 -3.807552019931163301e+01 -1.140251018869759537e+04 1.658463699258604096e-02 1.658463699173656075e-02
3.245318271633457763e-01 -1.976992886895894905e-02 -1.160804598502636691e+04 -1.172878033257339666e+04 -1.907450022892930377e-02 -3.643078776260453822e+01 -1.164870601095163329e+04 1.584999254462721163e-02 1.584999254386693437e-02
3.355777628968756310e-01 -1.880799097099168996e-02 -1.180673224728975947e+04 -1.193083075725731396e+04 -1.814640016309650855e-02 -3.466889290304165883e+01 -1.184916415969949048e+04 1.507881921066733279e-02 1.507881920999065879e-02
3.470573453133869446e-01 -1.783177189907807908e-02 -1.196906066293647018e+04 -1.209950413004258371e+04 -1.720452289686266040e-02 -3.289338971515982024e+01 -1.201595055940896418e+04 1.429623302109974542e-02 1.429623302049954497e-02
3.590022675081622761e-01 -1.691385453660339960e-02 -1.214559356022310385e+04 -1.228075376185482855e+04 -1.631889419635015881e-02 -3.123245158243855002e+01 -1.219550420965605008e+04 1.356036387662988042e-02 1.356036387609734634e-02
3.714492380842650543e-01 -1.609072799815343402e-02 -1.237114973720625130e+04 -1.250698751104778239e+04 -1.552471976309546461e-02 -2.972707593633362322e+01 -1.242044320380960926e+04 1.290042788791943493e-02 1.290042788744598205e-02
3.844410869336386538e-01 -1.532215871775638276e-02 -1.262167750944379259e+04 -1.275668340009702479e+04 -1.478318343384711457e-02 -2.832251428592049081e+01 -1.266895973900384706e+04 1.228421273006064483e-02 1.228421272963954591e-02
3.980281886988606965e-01 -1.455256816741445393e-02 -1.285060992396090478e+04 -1.298741056235216820e+04 -1.404066347948280946e-02 -2.692069417181867408e+01 -1.289819340178955099e+04 1.166721468937858414e-02 1.166721468900522307e-02
4.122703216106688995e-01 -1.377748618190708166e-02 -1.305036966982335798e+04 -1.319179255451048448e+04 -1.329284661034330073e-02 -2.548380177185343598e+01 -1.310077449682966108e+04 1.104584111806716611e-02 1.104584111773770222e-02
4.272391328473755800e-01 -1.303635572519337531e-02 -1.326013545597392294e+04 -1.340529412766795758e+04 -1.257778640985281540e-02 -2.413080314264986370e+01 -1.331256738505985413e+04 1.045167108512881637e-02 1.045167108483835081e-02
4.430214643753784820e-01 -1.234521498213478168e-02 -1.350326789213132724e+04 -1.364956052643869043e+04 -1.191095625407832467e-02 -2.285349820556752221e+01 -1.355537409956318697e+04 9.897555270035581290e-03 9.897555269779728659e-03
4.597239247053869216e-01 -1.167858368222889597e-02 -1.375659739704917592e+04 -1.390427196445218942e+04 -1.126777379947044473e-02 -2.163276961608041660e+01 -1.380853255736769461e+04 9.363091794857761677e-03 9.363091794632868656e-03
4.774793064618576555e-01 -1.101270221374370077e-02 -1.399273690929161603e+04 -1.414402409152866858e+04 -1.062531561008016323e-02 -2.040406413581993661e+01 -1.404645886256484664e+04 8.829247821970413745e-03 8.829247821773770696e-03
4.964558102285431818e-01 -1.036417057570728460e-02 -1.423564628863720645e+04 -1.439030364274319800e+04 -9.999596801018801120e-03 -1.921280136678360151e+01 -1.429091681614023582e+04 8.309308044955660347e-03 8.309308044784403241e-03
5.168706622410320639e-01 -9.744058339310544825e-03 -1.450809776224279085e+04 -1.466470281898066787e+04 -9.401297292299841749e-03 -1.806490516048345185e+01 -1.456357153125713012e+04 7.812141348082565252e-03 7.812141347933995728e-03
5.390108467112463275e-01 -9.130025217396723833e-03 -1.478336152990067239e+04 -1.494298324251632403e+04 -8.808863434663380051e-03 -1.693245724032917821e+01 -1.483991913351045696e+04 7.319855171112262492e-03 7.319855170984211276e-03
5.632658120542870517e-01 -8.521809146995004691e-03 -1.506793853663436130e+04 -1.523111176820503715e+04 -8.222042133430060989e-03 -1.582104130660203012e+01 -1.512597936570634010e+04 6.832233218223054266e-03 6.832233218113513418e-03
5.901812496498822780e-01 -7.923468574243639970e-03 -1.538129741876274420e+04 -1.554738391437976861e+04 -7.644748775681182301e-03 -1.470617024987287458e+01 -1.544013664886818879e+04 6.352523603394460809e-03 6.352523603301706012e-03
6.205519319481119789e-01 -7.321434135897015791e-03 -1.571281848493165489e+04 -1.588272784427225997e+04 -7.063891696428147016e-03 -1.359258589244205062e+01 -1.577312303789516409e+04 5.869855224312963381e-03 5.869855224235417772e-03
6.555914446248338745e-01 -6.713675641137674746e-03 -1.608172950880113058e+04 -1.625545805526752520e+04 -6.477511843089115047e-03 -1.246644546794200714e+01 -1.614330100478553868e+04 5.382595604057139813e-03 5.382595603993419082e-03
6.972641270728331397e-01 -6.087855069220480565e-03 -1.649542413988300905e+04 -1.667369994741262053e+04 -5.873705361517094804e-03 -1.131832600392994159e+01 -1.655863836187144261e+04 4.880855378246791443e-03 4.880855378195659601e-03
7.489860481473911147e-01 -5.431259223239353132e-03 -1.698064921454473733e+04 -1.716410500354347460e+04 -5.240206173462831629e-03 -1.010179118268015941e+01 -1.704566221302877602e+04 4.354440739150373940e-03 4.354440739110824847e-03
8.172246958700447594e-01 -4.721930477340874344e-03 -1.757558737969676440e+04 -1.776544358374849980e+04 -4.555829088987293184e-03 -8.779870202649428634e+00 -1.764284784254223996e+04 3.785747867532808942e-03 3.785747867503932301e-03
9.152789718252951623e-01 -3.931339882681284675e-03 -1.835505288004314934e+04 -1.855329675555975700e+04 -3.793048864430942878e-03 -7.313301672534687548e+00 -1.842526083577781174e+04 3.151901501487506824e-03 3.151901501468330757e-03
1.070301791652423562e+00 -3.045351164130899371e-03 -1.944282981414074311e+04 -1.965278622853019260e+04 -2.938226057730802289e-03 -5.673523617850704248e+00 -1.951715898189138534e+04 2.441574928192005202e-03 2.441574928181128919e-03
1.317123541579720447e+00 -2.161969993361116150e-03 -2.090323012006462159e+04 -2.112892345454064707e+04 -2.085919291194609539e-03 -4.028382623519936701e+00 -2.098310496874959790e+04 1.733335733791025249e-03 1.733335733785926029e-03
1.655384394845416107e+00 -1.475348679659038058e-03 -2.253220793231574135e+04 -2.277547922552314049e+04 -1.423451078775337655e-03 -2.749920874896609302e+00 -2.261829163832462655e+04 1.182845568733318113e-03 1.182845568731114363e-03
2.083952600795073273e+00 -9.994858420995344616e-04 -2.419154669585930969e+04 -2.445276069651382204e+04 -9.643275887015670530e-04 -1.859789790570025581e+00 -2.428398793913938789e+04 8.013279596028774184e-04 8.013279596019366562e-04
2.623540688615224159e+00 -6.743000009113540730e-04 -2.586661787102816379e+04 -2.614600584934760991e+04 -6.505807436811760977e-04 -1.258252079481495533e+00 -2.596552948494828161e+04 5.406143086139953867e-04 5.406143086135939066e-04
3.302842041669530104e+00 -4.532255068258687881e-04 -2.755493136120661075e+04 -2.785273667168735119e+04 -4.372829672415980053e-04 -8.435274528327262322e-01 -2.766044884183025351e+04 3.633704244412881181e-04 3.633704244411181694e-04
4.158031777399895823e+00 -3.036027159694755311e-04 -2.925416510042981463e+04 -2.957067316655845570e+04 -2.929234585832580649e-04 -5.658205744684033922e-01 -2.936647107527642584e+04 2.434120725265459192e-04 2.434120725264740366e-04
5.234651867616397780e+00 -2.027488550980753731e-04 -3.096247534751601415e+04 -3.129806185394633940e+04 -1.956173398904212358e-04 -3.790810642616663229e-01 -3.108183745390372496e+04 1.625537668877892071e-04 1.625537668877587952e-04
6.590036258038080241e+00 -1.350167569296486624e-04 -3.267810625461706877e+04 -3.303331065656364080e+04 -1.302678701261673173e-04 -2.504372844517930297e-01 -3.280493830169454304e+04 1.082504170721605014e-04 1.082504170721478162e-04
8.296364109889083238e+00 -8.967984307733273838e-05 -3.439941163617044367e+04 -3.477505714886847272e+04 -8.652579403101111062e-05 -1.672867503257151056e-01 -3.453437361064420838e+04 7.190215983041481677e-05 7.190215983040947707e-05
1.044450360343646445e+01 -5.942492804755392463e-05 -3.612467491410045477e+04 -3.652206418319717341e+04 -5.733518040620857320e-05 -1.112655818774608008e-01 -3.626883718842790404e+04 4.764572995455878195e-05 4.764572995455654579e-05
