# W_ric(k) for p=0.0, SGC Pk*A/Q0(0)
2.138616787401242392e-01
5.319324114631575340e-02
2.105223425156668368e-02
1.098572512703956290e-02
2.358735454981935199e-03
7.231256747610565611e-03
4.875332516231160700e-03
1.359441371880540058e-04
3.117066916562344836e-04
3.248335096433162760e-04
4.896431864279875666e-03
3.764232239461008482e-03
3.153947586845481758e-03
-2.229657437034099083e-04
2.035636819816125532e-03
-4.311827525075521538e-04
2.203808797076237721e-03
1.209927508947907871e-03
6.072605731560469121e-04
-3.360382686630270736e-03
-3.005683792849332941e-03
1.231541780379551620e-03
-7.366797711687078642e-03
-2.423010254843748282e-03
1.423355123938848396e-03
-5.064150788485083116e-04
-6.099752220582631756e-04
-1.718562309231095675e-03
1.030053249893110590e-02
5.000670271725596479e-03
-5.682184263012971491e-03
-6.617326985145396447e-03
-3.041728492115357198e-03
-1.048382439147148813e-03
-4.217815709805242119e-03
-1.177469967149401969e-02
-4.475700729941635772e-03
3.530640481081865137e-03
-5.733329275526860558e-03
-1.431510507622324154e-03
3.484085326392823839e-03
2.471930358108219948e-03
9.909660855591854133e-04
1.582402495519438313e-03
6.329289446694292762e-03
3.075261919714551619e-03
5.436751683824262056e-03
2.303831177220035629e-03
1.630125303349504867e-02
3.800244693027119455e-04
1.596337785803557396e-03
2.921396713173664370e-03
9.665580067283732410e-03
3.030200332344899251e-03
-2.496259661498337681e-03
