# mean mock RIC P(k) for p=1.6, SGC Pk*A/Q0(0)
2.669693532372474510e+04
4.160264521655273711e+04
4.876465033203124767e+04
4.965303503710937366e+04
4.664365001953124738e+04
4.202021692187499866e+04
3.710371539062500233e+04
3.280237019921874889e+04
2.917257428124999933e+04
2.636495799999999872e+04
2.401673425585937366e+04
2.228877473046875093e+04
2.078263092382812465e+04
1.940369244921874997e+04
1.795660357617187401e+04
1.633590497363281247e+04
1.472606824414062430e+04
1.311395212890625044e+04
1.187653789550781221e+04
1.069783541406249969e+04
9.746240780273437849e+03
9.061463232421874636e+03
8.452397599609375902e+03
7.933285703613280930e+03
7.505174518554687893e+03
7.090038926269531657e+03
6.659511397949218917e+03
6.176015905273437056e+03
5.706971875488281512e+03
5.250654023193359535e+03
4.842500409912109717e+03
4.487355131835937755e+03
4.151485918457031403e+03
3.884600324707031177e+03
3.636758461181640541e+03
3.433061350708007922e+03
3.239074338867187635e+03
3.074906003784179575e+03
2.918915282714843670e+03
2.739400616943359182e+03
2.571471776733398656e+03
2.412903425659179902e+03
2.261446029052734502e+03
2.103718334289550967e+03
1.979011293395996063e+03
1.853244855529785127e+03
1.737465965209961041e+03
1.648090150939941395e+03
1.570923422119140696e+03
1.465967395965576088e+03
1.389091826187133847e+03
1.333222490478515738e+03
1.250906091583251964e+03
1.180404044052123936e+03
1.108162060699462927e+03
