# mean mock P(k) for p=1.6, SGC Pk*A/Q0(0)
3.224970395509338414e+04
4.355905300860595889e+04
4.957344051953125017e+04
5.000188911718750023e+04
4.669018739257812558e+04
4.235614728710937197e+04
3.730974516210937145e+04
3.277368930859374814e+04
2.920198077734374965e+04
2.639660482617187517e+04
2.408357686523437587e+04
2.238882744531250137e+04
2.077575796289062419e+04
1.933356016015624846e+04
1.800655751171875090e+04
1.632902582910156161e+04
1.474749836425781177e+04
1.309611086035156222e+04
1.189186885546875055e+04
1.063185126660156311e+04
9.695104183593750349e+03
9.053445630859374432e+03
8.411958967773436598e+03
7.921658335449218612e+03
7.536555645507812187e+03
7.092967256347656075e+03
6.664681783691406054e+03
6.186706067871094092e+03
5.761704303955078103e+03
5.279240100585937398e+03
4.800481630859375400e+03
4.456794352050781526e+03
4.151380743164062551e+03
3.885447856445312482e+03
3.619284741943359222e+03
3.389345257690429662e+03
3.226647781860351643e+03
3.084689301635742140e+03
2.914785666748046879e+03
2.741558982055664274e+03
2.573083646728515760e+03
2.413163901062011519e+03
2.262926848632812380e+03
2.107114751464843721e+03
1.986537952941894446e+03
1.856833427246093834e+03
1.749435675354003934e+03
1.660884089782714909e+03
1.594298599060058677e+03
1.483933054809570422e+03
1.405795784515380774e+03
1.354824753326415930e+03
1.268454988006591748e+03
1.182740856277465809e+03
1.107148118804931528e+03
