# mean mock RIC P(k) for p=3.0, NGC Pk*A/Q0(0)
1.777790756067848270e+04
3.391029585498046799e+04
4.066630098046875355e+04
4.185673249414062593e+04
3.934099545507812581e+04
3.562737586328125326e+04
3.139535533398437474e+04
2.769870286914062672e+04
2.446763067968749965e+04
2.193130028515624872e+04
2.010661170117187430e+04
1.866061782910156398e+04
1.744436044921875146e+04
1.628630650878906272e+04
1.516569563769531305e+04
1.389108400195312424e+04
1.252003705468750013e+04
1.126097937500000080e+04
1.012080505273437484e+04
9.226541747558594579e+03
8.454878113281249171e+03
7.880687457031250233e+03
7.397680715332031468e+03
6.983128752929687835e+03
6.622521215332030806e+03
6.294297985839843932e+03
5.932186837890624702e+03
5.544711942382812595e+03
5.173362619628906032e+03
4.802930995849609644e+03
4.464293056640624854e+03
4.156496489746094085e+03
3.880756765380859179e+03
3.666192634277343586e+03
3.503125191406249996e+03
3.311880953369140570e+03
3.160237113037109339e+03
3.002340943481445265e+03
2.871823668579101650e+03
2.732987808349609168e+03
2.595167198486328289e+03
2.445006781616210901e+03
2.316277886230468539e+03
2.192030146606445214e+03
2.081013730957031385e+03
