# mean mock P(k) for p=3.0, NGC Pk*A/Q0(0)
2.505223140797424276e+04
3.535748793408203346e+04
4.130829995703125314e+04
4.236687974609374942e+04
3.950083958007812180e+04
3.582891780078125157e+04
3.137907370507812448e+04
2.775453072460937619e+04
2.451012548242187404e+04
2.198909850585937602e+04
2.016251563867187360e+04
1.867374085546874994e+04
1.749406147460937427e+04
1.629413715136718747e+04
1.516757025683593747e+04
1.390139497265624959e+04
1.250137234570312467e+04
1.130145843359375067e+04
1.011847019531250044e+04
9.232713087890624593e+03
8.498557520996093444e+03
7.929092333984374818e+03
7.405523947265624884e+03
6.952409108886718968e+03
6.655898988769531570e+03
6.286206640136718306e+03
5.942567925292968539e+03
5.520170337402343648e+03
5.187488899658203081e+03
4.800722670898437173e+03
4.459608291748047122e+03
4.196128204345703125e+03
3.895034199462890683e+03
3.662102304931640447e+03
3.513886061767578212e+03
3.334962939453124818e+03
3.148235415283203110e+03
3.006911725097656472e+03
2.874797851806640665e+03
2.733540668823242413e+03
2.611191401489257714e+03
2.441490485839843586e+03
2.322835536254882754e+03
2.190436040039062391e+03
2.103292036499023652e+03
