#k_eff for bins 0:0.005:0.58
0.0037500000000000003
0.008035714285714287
0.012828947368421056
0.017736486486486486
0.022684426229508198
0.0276510989010989
0.032627952755905514
0.03761094674556213
0.0425979262672811
0.047587638376383766
0.05257930513595167
0.05757241813602015
0.06256663113006397
0.06756170018281536
0.07255744849445325
0.07755374479889043
0.08255048959608322
0.08754760609357999
0.09254503407984421
0.09754272567922874
0.10254064234734335
0.10753875270367699
0.11253703094140881
0.1175354556427278
0.12253400888395335
0.12753267555099948
0.13253144280968202
0.13753029969149408
0.14252923676651624
0.14752824588280353
0.15252731995700464
0.15752645280483707
0.16252563900284006
0.16752487377487377
0.1725241528983478
0.17752347262628929
0.18252282962221666
0.18752222090542786
0.19252164380481218
0.19752109591967534
0.20252057508636453
0.2075200793497193
0.21251960693854954
0.21751915624449533
0.22251872580373674
0.22751831428111413
0.2325179204562972
0.2375175432117004
0.2425171815218931
0.24751683444429326
0.2525165011109659
0.2575161807213775
0.26251587253597775
0.2675155758705019
0.2725152900908989
0.2775150146088086
0.28251474887751904
0.28751449238834564
0.29251424466738085
0.29751400527257316
0.3025137737910937
0.30751354983696133
0.31251333304889495
0.3175131230883689
0.3225129196378496
0.32751272239919194
0.33251253109218365
0.33751234545321535
0.3425121652340697
0.3475119902008143
0.3525118201327878
0.35751165482167313
0.3625114940706449
0.3675113376935891
0.37251118551438356
0.37751103736623587
0.38251089309107483
0.3875107525389866
0.3925106155676961
0.39751048204208644
0.4025103518337534
0.4075102248205952
0.4125101008864293
0.41750997992063865
0.4225098618178423
0.4275097464775889
0.4325096338040718
0.43750952370586443
0.44250941609567174
0.4475093108901004
0.452509208009442
0.45750910737747347
0.462509008921267
0.4675089125710146
0.4725088182598634
0.47750872592376004
0.48250863550130646
0.48750854693362317
0.49250846016422173
0.4975083751388842
0.5025082918055509
0.5075082101142137
0.5125081300168152
0.5175080514671563
0.5225079744208052
0.5275078988350155
0.5325078246686455
0.5375077518820848
0.5425076804371832
0.5475076102971839
0.5525075414266605
0.5575074737914578
0.5625074073586348
0.567507342096411
0.5725072779741172
0.5775072149621447
